,0_Absolute energy,0_Area under the curve,0_Autocorrelation,0_Centroid,0_ECDF Percentile Count_0,0_ECDF Percentile Count_1,0_ECDF Percentile_0,0_ECDF Percentile_1,0_ECDF Slope,0_ECDF_0,0_ECDF_1,0_ECDF_2,0_ECDF_3,0_ECDF_4,0_ECDF_5,0_ECDF_6,0_ECDF_7,0_ECDF_8,0_ECDF_9,0_Entropy,0_FFT mean coefficient_0,0_FFT mean coefficient_1,0_FFT mean coefficient_2,0_FFT mean coefficient_3,0_FFT mean coefficient_4,0_FFT mean coefficient_5,0_FFT mean coefficient_6,0_FFT mean coefficient_7,0_Fundamental frequency,0_Histogram_0,0_Histogram_1,0_Histogram_2,0_Histogram_3,0_Histogram_4,0_Histogram_5,0_Histogram_6,0_Histogram_7,0_Histogram_8,0_Histogram_9,0_Human range energy,0_Interquartile range,0_Kurtosis,0_LPCC_0,0_LPCC_1,0_LPCC_10,0_LPCC_11,0_LPCC_2,0_LPCC_3,0_LPCC_4,0_LPCC_5,0_LPCC_6,0_LPCC_7,0_LPCC_8,0_LPCC_9,0_MFCC_0,0_MFCC_1,0_MFCC_10,0_MFCC_11,0_MFCC_2,0_MFCC_3,0_MFCC_4,0_MFCC_5,0_MFCC_6,0_MFCC_7,0_MFCC_8,0_MFCC_9,0_Max,0_Max power spectrum,0_Maximum frequency,0_Mean,0_Mean absolute deviation,0_Mean absolute diff,0_Mean diff,0_Median,0_Median absolute deviation,0_Median absolute diff,0_Median diff,0_Median frequency,0_Min,0_Negative turning points,0_Neighbourhood peaks,0_Peak to peak distance,0_Positive turning points,0_Power bandwidth,0_Root mean square,0_Signal distance,0_Skewness,0_Slope,0_Spectral centroid,0_Spectral decrease,0_Spectral distance,0_Spectral entropy,0_Spectral kurtosis,0_Spectral positive turning points,0_Spectral roll-off,0_Spectral roll-on,0_Spectral skewness,0_Spectral slope,0_Spectral spread,0_Spectral variation,0_Standard deviation,0_Sum absolute diff,0_Total energy,0_Variance,0_Wavelet absolute mean_0,0_Wavelet absolute mean_1,0_Wavelet absolute mean_2,0_Wavelet absolute mean_3,0_Wavelet absolute mean_4,0_Wavelet absolute mean_5,0_Wavelet absolute mean_6,0_Wavelet absolute mean_7,0_Wavelet absolute mean_8,0_Wavelet energy_0,0_Wavelet energy_1,0_Wavelet energy_2,0_Wavelet energy_3,0_Wavelet energy_4,0_Wavelet energy_5,0_Wavelet energy_6,0_Wavelet energy_7,0_Wavelet energy_8,0_Wavelet entropy,0_Wavelet standard deviation_0,0_Wavelet standard deviation_1,0_Wavelet standard deviation_2,0_Wavelet standard deviation_3,0_Wavelet standard deviation_4,0_Wavelet standard deviation_5,0_Wavelet standard deviation_6,0_Wavelet standard deviation_7,0_Wavelet standard deviation_8,0_Wavelet variance_0,0_Wavelet variance_1,0_Wavelet variance_2,0_Wavelet variance_3,0_Wavelet variance_4,0_Wavelet variance_5,0_Wavelet variance_6,0_Wavelet variance_7,0_Wavelet variance_8,0_Zero crossing rate,depressed
0,3835.7777777777783,0.6716666666666666,3835.7777777777783,0.011517872660911881,2.0,11.0,0.0,0.0,inf,0.07142857142857142,0.14285714285714285,0.21428571428571427,0.2857142857142857,0.35714285714285715,0.42857142857142855,0.5,0.5714285714285714,0.6428571428571429,0.7142857142857143,0.19292394233698318,0.72807042963417,5.010907775125294,3.5770865856341723,2.7969567779428988,3.062332390860056,3.663997680450094,3.9532467937855595,1.9931500171371435,8.333333333333334,0.0,0.0,0.0,0.0,0.0,12.0,0.0,0.0,0.0,0.0,0.0,0.0,2.3388929820361044,0.44954246398278347,0.40080912594613777,1.222231587329953,0.4008091259461378,1.222231587329953,0.45702413025701333,0.3988304524751797,0.11893404853441299,0.2014815417552523,0.11893404853441299,0.3988304524751797,0.4570241302570133,-57.89315491342754,116.7323500251516,71.47223696141481,44.579388231380634,-51.217882266741434,-165.70009195448546,28.738870269863842,153.3957459133367,19.71115556558434,-33.29637313352385,101.788225221616,161.26744325915678,47.0,0.012897852404266844,50.0,6.238095238095239,10.69387755102041,10.333333333333334,-3.1025641025641026,0.0,0.0,0.0,0.0,16.666666666666668,0.0,1.0,0.0,47.0,1.0,42.857142857142854,16.552465888323923,144.36700231137928,2.0700537019245244,-2.0820512820512826,22.72114682936383,-0.23342572799660818,-305.66666666666686,0.7585315465408424,1.4788988276271406,0.0,50.0,0.0,0.2632930527459939,-0.0011719816306128867,19.09070355713231,0.08894668252046212,15.332002308393397,134.33333333333334,29505.98290598291,235.07029478458048,1.7278010727534263,3.6791453662503977,5.891469218181827,8.632724621506975,10.745990991170286,12.010324419662979,12.653453689592558,12.906927962988254,12.928369620134827,9.05022457597741,15.74177841136442,18.154998097266144,17.945087609794143,17.496927175087343,17.22442258911207,16.99138627956587,16.718977764790537,16.398172145306198,2.1757417539249397,8.883764310730987,15.305798800666924,17.172493888860565,15.732203753206813,13.808190981732437,12.346369541803016,11.340075724030935,10.627108170042892,10.08748277184506,78.92126832861761,234.26747692649704,294.8945463629534,247.50223493241452,190.666138187997,152.43284086276122,128.59731742675572,112.93542805779236,101.75730867227091,3.0,True
1,596445.199526834,22.688863636363635,596445.1995268341,0.060365071856155195,2.0,11.0,23.333333333333332,230.44444444444446,0.002742230347349177,0.07142857142857142,0.14285714285714285,0.21428571428571427,0.2857142857142857,0.35714285714285715,0.42857142857142855,0.5,0.5714285714285714,0.6428571428571429,0.7142857142857143,1.0000000000000004,21.214142879196572,273.0659874777161,287.9118379379155,271.6130776244937,61.63740482056526,268.72271680164204,881.3366293708301,53.75534792098186,8.333333333333334,0.0,0.0,0.0,0.0,0.0,0.0,0.0,0.0,0.0,0.0,0.0,122.92045454545456,0.25786737608463906,0.3432563803655766,0.24593528524003855,0.5304566554455263,0.24593528524003855,0.5304566554455263,0.33725604770964557,0.006201954770879388,0.14267830456275257,0.4314731038580416,0.14267830456275257,0.006201954770879388,0.33725604770964557,-51.03299448064157,42.52191351455537,-32.116048007372996,-44.270877483785924,-34.920954843656666,45.40890382306807,286.0787265496358,-18.28034802658353,75.40150848798447,-16.993100548682268,-18.376113374017635,-28.949969885824462,457.5,0.03668401526551767,50.0,167.05140692640694,94.94776850133997,151.3127428127428,-7.820512820512821,133.58333333333334,89.55555555555556,117.56060606060608,-20.53030303030303,8.333333333333334,19.0,4.0,0.0,438.5,4.0,42.857142857142854,206.40549541528927,1967.543402103598,0.9172243882234212,-1.5923687423687476,16.341669911069452,-1.7207210664817094,-7722.285739314404,0.7793687437341962,1.9267237650861357,1.0,50.0,0.0,0.7274515781492402,-0.0044528554743071365,19.227407433230038,0.30094541211816905,121.2314149943776,1967.0656565656566,4588039.996360261,14697.055981539002,14.890573101625373,53.11274921893751,141.43322563508968,252.11647490647815,333.7762395076239,382.0663284275382,407.07647100562997,417.76767136955294,419.99234890171766,98.83239229802288,104.88997356513673,177.5895946401948,279.54983945505506,355.0342229043863,399.4951201114845,422.0635797338456,431.09741551646795,432.1266867573313,2.0581616102357505,97.70420973558635,90.44856231528134,107.399752378311,120.77001208941836,121.0071129044515,116.71191744971857,111.47381796346062,106.37271465671749,101.68530017601665,9546.112600055445,8180.942424901331,11534.70681092252,14585.395820078256,14642.721373470673,13621.67167478992,12426.412091350754,11315.154423439439,10339.900271886612,0.0,True
2,89449.41227324263,5.558928571428572,89449.41227324263,0.10593545118936092,2.0,11.0,0.0,104.33333333333333,0.005537974683544304,0.07142857142857142,0.14285714285714285,0.21428571428571427,0.2857142857142857,0.35714285714285715,0.42857142857142855,0.5,0.5714285714285714,0.6428571428571429,0.7142857142857143,0.5497436542219539,0.5430935788929151,324.14629875041646,18.756532062781883,8.990695033363552,50.83750001416434,111.17073305921944,92.04086511397065,20.84932222735666,8.333333333333334,0.0,0.0,0.0,0.0,0.0,8.0,0.0,0.0,0.0,0.0,0.0,89.53571428571429,0.2840724220729385,1.429209418865698,2.0112952596842364,0.5872656420938536,2.0112952596842373,0.5872656420938536,1.3340194525946174,0.8717055222668044,0.32089569360911857,0.42359647002766987,0.32089569360911857,0.8717055222668044,1.3340194525946174,-63.046627321260395,8.002443885655234,14.283765125632593,11.185464095935068,100.49352001455082,12.564302492632187,80.23188883163186,78.25473617239072,71.46621647272211,14.724620615604078,6.473062938102654,2.7209982806890807,209.5,0.044196598030500384,50.0,44.6828231292517,55.59220116618076,52.05494505494506,10.717948717948719,0.0,0.0,13.0,0.0,8.333333333333334,0.0,2.0,0.0,209.5,2.0,42.85714285714286,79.9327450661057,682.7831358619977,1.2582697788817214,11.271768707482996,19.404040660280444,-0.6323926251066315,-2315.511463228084,0.7228222322996664,1.5322847144803216,1.0,50.0,0.0,0.4623618996434081,-0.0028779219461414836,19.290725329280402,0.13230852818966776,66.27736454479052,676.7142857142858,688072.4021018664,4392.689051003054,3.9932800129769146,18.389555715020816,37.14294532649642,59.987230675195974,77.17491647614591,87.41896180923644,92.7045022359172,94.90724135332228,95.27815532453283,38.984313268786856,71.06731832190431,100.25272522428402,110.51888826960489,115.42244491155944,117.94053116876293,118.53689087715655,117.72966090670573,116.02521350372874,2.1459704032567846,38.77925213019032,68.6468351351395,93.11826097693562,92.82217849345186,85.82757748102806,79.17003226325728,73.87062856111176,69.66267720889105,66.21120212275285,1503.8303957768705,4712.387974071023,8671.01052736869,8615.956820270238,7366.373056261874,6267.894008565199,5456.869764013741,4852.888595910149,4383.923286540031,3.0,False
3,44659.25,2.965,44659.25,0.09502062842524225,0.0,0.0,0.0,0.0,inf,0.07142857142857142,0.14285714285714285,0.21428571428571427,0.2857142857142857,0.35714285714285715,0.42857142857142855,0.5,0.5714285714285714,0.6428571428571429,0.7142857142857143,0.19292394233698318,1.206326977664446,53.305602892013205,19.433306656598134,109.9843136697512,113.29442079662883,12.687609825695926,58.20970235282194,77.23412210114058,8.333333333333334,0.0,0.0,0.0,0.0,0.0,12.0,0.0,0.0,0.0,0.0,0.0,0.0,2.6288855205539985,0.9118554181710459,0.04593250923921288,0.31608005874255923,0.04593250923921288,0.31608005874255923,0.33916425818743084,0.6453676058558804,0.5009804392515497,0.2075921101956082,0.5009804392515497,0.6453676058558804,0.3391642581874308,-60.11182285396481,-61.097487790173815,120.021114606766,215.25577020772135,-20.718735437315395,307.9560718246334,-19.151948887819533,58.971559987539244,14.161009718571567,-148.54155272016152,101.90472750460675,56.966478078342156,167.0,0.04254359917864576,50.0,21.178571428571427,36.30612244897959,45.61538461538461,0.0,0.0,0.0,0.0,0.0,25.0,0.0,0.0,0.0,167.0,2.0,42.85714285714286,56.479610733179,602.0137098628866,2.118791697176023,4.231868131868133,22.793726763648674,-0.28207590028525426,-1037.75,0.7680583782001738,1.7950673178040908,0.0,50.0,0.0,0.07459769858681775,-0.0011346548072663943,17.00640737440604,0.2162570528163522,52.35851927639214,593.0,343532.6923076923,2741.414540816327,5.31026351798102,6.886866022484623,16.718942306130582,29.705312726441605,39.231800501815066,44.834156237417304,47.71795908822653,48.936146949720715,49.172265325673315,57.54334038977515,32.85091468511528,40.92474527061893,49.44971858946794,54.10669256649736,56.52195790623771,57.46118897946978,57.446921525436046,56.85026913203654,2.1801436964472813,57.29779336574079,32.1209226523316,37.35387186931661,39.53313881292349,37.26124004741716,34.41845667709931,32.01225733041453,30.089903862673726,28.531411166056476,3283.037124583129,1031.7536720370695,1395.3117436293232,1562.8690644018777,1388.4000098712443,1184.630160033362,1024.7846193886785,905.4023144649472,814.0414231265721,4.0,False
4,304468.77777777775,7.076666666666666,304468.77777777775,0.021010868109446728,0.0,0.0,0.0,0.0,inf,0.07142857142857142,0.14285714285714285,0.21428571428571427,0.2857142857142857,0.35714285714285715,0.42857142857142855,0.5,0.5714285714285714,0.6428571428571429,0.7142857142857143,0.28608577375653055,6.3470821856839805,931.9200271411747,658.9827665763814,476.09179320405826,394.8408712458747,320.9548744436333,244.5795446253802,106.12279959697038,8.333333333333334,0.0,0.0,0.0,0.0,0.0,11.0,0.0,0.0,0.0,0.0,0.0,0.0,6.723236765123902,1.776451864389939,1.078678444561251,0.7354933944625653,1.078678444561251,0.7354933944625653,0.8661182412325119,0.36032245063061297,0.07120419551538822,0.14893536652522502,0.07120419551538822,0.36032245063061297,0.8661182412325117,-31.109312711808002,-60.24085600595458,115.76521858490675,117.87237124430872,-22.46742123698938,-5.390828186685293,21.03535278468987,42.51700614320367,62.84052534871228,83.04288969176808,98.56818685844763,109.37768548996509,523.0,0.016897070995400477,50.0,50.547619047619044,85.36734693877551,80.46153846153847,0.0,0.0,0.0,0.0,0.0,16.666666666666668,0.0,0.0,0.0,523.0,1.0,35.71428571428571,147.47125089748795,1055.0606437129786,2.8454952509269806,-13.265201465201471,21.39555764851852,-0.07607137871798017,-3673.972450157143,0.875623428334302,1.9101615604341582,0.0,50.0,0.0,0.2737700163688335,-0.0018537132093333299,16.01566122386728,0.0014790130981808813,138.53774954822464,1046.0,2342067.521367521,19192.70804988662,0.9741787496896375,27.522363014709914,56.78173668218402,83.86524198727047,102.72360004645297,113.39413441344777,118.48136707261213,120.18146015511188,119.91273582147484,149.544585588894,167.16094550852245,167.1600023546872,161.80518360780255,156.30199595137586,152.82840139630355,150.1003973882242,147.2984031626824,144.23487822602056,2.193764959570499,149.54141250743118,164.87965683306638,157.22054816904227,138.37463144945053,117.80567020258523,102.46116607756623,92.15364861310573,85.16593338454868,80.15382638829014,22362.634054717695,27185.301237389733,24718.300766574142,19147.53862877126,13878.175931880278,10498.29055397461,8492.294952707764,7253.236209261383,6424.635884684157,2.0,False
5,220900.0,2.3500000000000023,220900.0,0.13,2.0,11.0,0.0,0.0,inf,0.07142857142857142,0.14285714285714285,0.21428571428571427,0.2857142857142857,0.35714285714285715,0.42857142857142855,0.5,0.5714285714285714,0.6428571428571429,0.7142857142857143,0.09750399798300154,12.886072232395238,196.3846641997918,175.15274416209036,151.73322307645796,135.78973290663146,130.48007741482002,131.8307903986779,66.65406933335747,8.333333333333334,0.0,0.0,0.0,0.0,0.0,13.0,0.0,0.0,0.0,0.0,0.0,0.0,9.076923076923075,0.9709834744509745,1.0992653954387648,0.4411668913252522,1.0992653954387648,0.4411668913252522,0.24126498399777851,0.1579323762788856,0.12119687328666728,0.1105735551358705,0.12119687328666728,0.1579323762788856,0.24126498399777851,-0.21417220678676194,-0.04095086414274146,-0.9687647335118099,-5.254482680904907,-0.3833524565858422,-0.19334741671584343,-0.08621279951082303,0.6595279059671497,0.030126188660571887,3.073736609015392,3.296440091604826,2.394475756928444,470.0,0.005827912109236477,50.0,33.57142857142857,62.34693877551019,36.15384615384615,36.15384615384615,0.0,0.0,0.0,0.0,25.0,0.0,0.0,0.0,470.0,0.0,21.428571428571427,125.61278369883946,482.00106382858326,3.3282011773513744,13.428571428571432,25.000000000000004,2.082914875514242e-17,-1644.9999999999995,0.9207822211616017,1.7499999999999998,1.0,50.0,0.0,-4.911271389573812e-16,2.5996846261209923e-18,16.666666666666668,2.220446049250313e-16,121.04350710486251,470.0,1699230.7692307692,14651.5306122449,0.00022301447310724143,0.2859298282380353,7.646020767571277,22.03548450595946,34.269489046055256,42.212099030436995,46.80505815610282,49.21344094471254,50.26935516872559,88.27917570196895,88.81705653011014,87.16671149732176,80.8714389521906,76.13296596648198,74.66600755820868,74.5427375890338,74.48226657695729,74.08684402282546,2.1931337023644324,88.27917570168727,88.81659628023417,86.83072013797417,77.81148411889797,67.98404685936106,61.58856533584018,58.01643093358455,55.90747056362163,54.422903158348625,7793.212862569371,7888.387774806105,7539.573959679193,6054.627060785511,4621.830627375801,3793.1513801270544,3365.9062582713864,3125.6452648222194,2961.8523881829924,1.0,False
6,428795.26931723853,16.910196058327635,428795.2693172386,0.0857107564552058,2.0,11.0,33.666666666666664,129.5,0.0037152121048365304,0.07142857142857142,0.14285714285714285,0.21428571428571427,0.2857142857142857,0.35714285714285715,0.42857142857142855,0.5,0.5714285714285714,0.6428571428571429,0.7142857142857143,1.0000000000000004,11.44748617354022,67.68284963307168,326.7939687293858,1070.4177855149435,8.096074956024248,250.32184413722038,537.747736705515,39.28933425826088,25.0,0.0,0.0,0.0,0.0,0.0,0.0,0.0,0.0,0.0,0.0,0.0,77.39772727272728,0.7774576660562045,0.1244328278156553,0.42033457311510125,0.8737983094569532,0.42033457311510125,0.8737983094569534,0.027540066052114637,0.818606165623594,0.20532038303179623,1.1620988298179005,0.20532038303179623,0.818606165623594,0.027540066052114655,-50.71429585484233,-73.38295297539418,60.87893534590386,122.52833239651383,-94.34687461602998,-30.622183096370737,458.73551541607077,-57.60182998869124,66.23897941610501,105.29985826890206,126.28886681665118,53.54080382064731,412.25,0.05657383033242136,50.0,126.49613725873124,90.83383993378622,140.9531328320802,3.826720647773278,71.25714285714285,37.423809523809524,99.0,-3.0,16.666666666666668,30.5,4.0,0.0,381.75,4.0,28.57142857142857,175.00923839232001,1832.6533221935238,1.4783024929182431,8.703796178758584,18.036616143855845,-1.3952977890672755,-5690.356009819383,0.6523436183306816,1.829567134173755,1.0,50.0,0.0,0.48993580719119956,-0.0035811688403027085,18.324347521446658,0.5608034919029883,120.94197278563024,1832.3907268170426,3298425.1485941424,14626.960781280126,22.147840905033245,44.2712860744845,97.25116006239998,172.7014471180468,230.82301622916248,266.0220303307958,284.69366427821865,293.03574540953394,295.20134175928985,150.58895775113896,110.86399016055684,111.12938615947915,185.58587733890252,242.28905158534724,276.5036719522374,294.5971224125554,302.556717076727,304.42472284051377,2.114698838069718,148.95135897271854,101.64092455124165,53.776875464274575,67.94356504469474,73.65269646794243,75.40928312715671,75.74286800484317,75.30351227217386,74.36786738934057,22186.50733981966,10330.877543631199,2891.952334700097,4616.328030982664,5424.719696998861,5686.559981751682,5736.982053599097,5670.6189605254385,5530.579700038545,0.0,True
7,1585081.0,12.590000000000003,1585081.0,0.12,0.0,0.0,0.0,0.0,inf,0.07142857142857142,0.14285714285714285,0.21428571428571427,0.2857142857142857,0.35714285714285715,0.42857142857142855,0.5,0.5714285714285714,0.6428571428571429,0.7142857142857143,0.09750399798300154,21.750392830161182,3147.1899522261274,2601.616783376349,2310.1471869857696,2420.802737833434,2658.089243726428,2771.864149765413,1392.5515442295934,16.666666666666668,0.0,0.0,0.0,0.0,0.0,13.0,0.0,0.0,0.0,0.0,0.0,0.0,9.076923076923077,1.679030619735014,1.5809994667804959,0.4722286718387738,1.5809994667804959,0.4722286718387738,0.2493548032297535,0.16029986778698616,0.12139372829291772,0.11017488567033573,0.12139372829291768,0.16029986778698616,0.24935480322975348,-56.18781799944807,-43.123376515277144,138.49650306261682,141.3393630084815,-19.64244238335592,7.525180332440429,33.441056497423546,58.961184843720666,80.5328514463452,103.30864700039115,119.61873166738162,131.9234475301494,1259.0,0.00899604387074639,50.0,89.92857142857143,167.01020408163268,193.69230769230768,0.0,0.0,0.0,0.0,0.0,25.0,0.0,0.0,0.0,1259.0,1.0,42.857142857142854,336.48190356774234,2529.0007942810503,3.328201177351375,30.437362637362643,25.0,6.0199543405674364e-18,-4406.500000000002,0.9207822211616017,1.7499999999999996,1.0,50.0,0.0,2.946762833744287e-16,1.940987727207095e-18,16.666666666666668,0.0,324.2420754149402,2518.0,12192930.769230768,105132.92346938777,51.62488215839776,50.880515645705636,63.65859260900704,97.11751851941524,126.15889055897114,144.58607178883435,154.63288003298544,159.2440909310281,160.5365881976657,305.3384911462595,302.9270327662604,283.93612208713876,259.31058133010083,241.0811216057633,232.1755970694164,227.71448166598515,224.34183656538642,220.820469462541,2.1940868854677014,300.94262861483406,298.6234423286258,276.7079778628058,240.43744547467196,205.43622253055176,181.66005537600734,167.1602751048006,158.02081868247936,151.62349284827238,90566.46571760594,89175.9603081981,76567.30501292304,57810.16518638586,42204.04152762238,33000.375719214055,27942.55757311262,24970.579137081015,22989.68358351011,2.0,True
8,249779.85280941142,6.921286549707602,249779.85280941142,0.05698455450913046,0.0,0.0,0.0,0.0,inf,0.07142857142857142,0.14285714285714285,0.21428571428571427,0.2857142857142857,0.35714285714285715,0.42857142857142855,0.5,0.5714285714285714,0.6428571428571429,0.7142857142857143,0.19292394233698318,6.573388561287139,632.2518705143438,727.617815122026,548.3090698085432,293.88425551058003,210.88225344717614,63.612734580010525,20.251664226347987,8.333333333333334,0.0,0.0,0.0,0.0,0.0,12.0,0.0,0.0,0.0,0.0,0.0,0.0,3.334186353983905,0.08023408028712431,0.31032874926504006,0.5532260041279973,0.31032874926504006,0.5532260041279973,0.3553857879379983,0.5065107317949631,0.333329119350418,0.43134453863567784,0.333329119350418,0.5065107317949631,0.3553857879379983,-10.08146379164368,-93.74976091609746,103.58976541417861,101.93570646935413,-1.4804950682185762,-31.59340073777609,26.757134207031452,22.71520142938611,58.736872525046856,65.61568725895698,89.0868589890177,92.76793095253991,417.6842105263158,0.07856127876327425,50.0,49.43776106934001,84.75044754744002,64.25910931174089,0.0,0.0,0.0,0.0,0.0,16.666666666666668,0.0,0.0,0.0,417.6842105263158,1.0,35.71428571428571,133.57177118618702,845.3749305920705,2.238569432201515,-2.7275110854058244,19.4871089465506,-0.1103948265281558,-4092.5576868725766,0.8190545205877079,2.0840813663077467,0.0,50.0,0.0,0.3817775754425834,-0.0028352011132025475,15.146843033404759,0.005826980815687777,124.08596148745413,835.3684210526316,1921383.4831493185,15397.32583826595,0.0006568285417527916,1.4268473849200791,25.98753301974093,68.6241635700529,103.1851564098115,124.99440675970735,137.27636420831192,143.47626062705527,145.96587162186987,137.29430494525062,171.59684392860478,173.78676636456916,162.52828002438702,155.35316825421322,154.00782023698696,154.32667483550796,154.19396280713048,153.15407225188346,2.1844488513401683,137.29430494367946,171.5909116264556,171.832733467757,147.3301258466719,116.13539677163294,89.97114522410456,70.51185996363664,56.4831019212299,46.36953923647443,18849.72616996805,29443.440952798097,29526.48829100122,21706.165981996182,13487.43038330461,8094.806972936912,4971.922395531504,3190.3408026440447,2150.1341690029417,2.0,True
9,4278293.215609573,57.32677748068926,4278293.215609573,0.06504189828084402,2.0,11.0,94.33333333333333,682.3333333333334,0.001229080796543676,0.07142857142857142,0.14285714285714285,0.21428571428571427,0.2857142857142857,0.35714285714285715,0.42857142857142855,0.5,0.5714285714285714,0.6428571428571429,0.7142857142857143,1.0000000000000004,57.603747550921376,2976.4341035086527,1628.5346449620483,5374.582384515398,1716.9697500615057,279.8914610781231,3827.544687525781,653.8853913747198,25.0,0.0,0.0,0.0,0.0,0.0,0.0,0.0,0.0,0.0,0.0,0.0,481.68055555555554,-0.13749279836138362,1.1923861670957485,0.2885622348949973,0.2523966963361287,0.2885622348949973,0.2523966963361287,0.48584477567455864,0.26866359774112414,0.1229872851496185,0.1792739333257921,0.12298728514961851,0.26866359774112414,0.48584477567455864,-35.49110637180251,-13.671509331027035,78.12160727264953,175.80975282051307,-26.381957577720083,96.47446188279727,-65.32757363965737,-158.731298794833,16.78663064796334,-134.15340480360499,336.16513709135796,210.31517094001137,1228.25,0.026897928403546656,50.0,441.8200555979967,275.231222185844,354.1728826728826,35.312354312354316,360.4679144385027,205.4679144385027,203.40404040404036,-43.5,8.333333333333334,62.9,5.0,0.0,1165.35,5.0,42.85714285714286,552.804099608117,4604.288885516004,0.8809113734221754,4.4964707841178315,14.845390025806045,-1.6772237793283733,-23051.15575423657,0.7766703614592856,2.3518099644908603,1.0,50.0,0.0,0.7961709018346095,-0.005222370843871175,17.032897410973245,0.34819594074234406,332.24600978028906,4604.247474747474,32909947.812381327,110387.41101492393,47.4792721516951,123.17404173614008,337.88711561418205,617.167248228976,826.3358202835705,951.4076968363307,1017.1050367911469,1046.0345730746456,1053.10395893034,377.92958131235906,442.19282752530705,521.7205505412963,692.4940458345325,864.3338902982491,977.553300596798,1039.225457780507,1066.6530643361393,1073.0623343938266,2.1177096335475682,374.93531061621854,424.6912433253241,397.5231187730365,314.09010049626414,253.46042301389846,224.57482028999243,213.2765721620259,208.7113595140913,205.99714847534494,140576.4871468803,180362.6521572096,158024.62995904172,98652.59122975332,64242.186034384344,50433.84990828239,45486.89623318384,43560.43159022027,42434.82517997331,0.0,True
10,14484.084467120181,1.781547619047619,14484.084467120181,0.11484152106121642,2.0,11.0,0.0,0.0,inf,0.07142857142857142,0.14285714285714285,0.21428571428571427,0.2857142857142857,0.35714285714285715,0.42857142857142855,0.5,0.5714285714285714,0.6428571428571429,0.7142857142857143,0.28608577375653055,0.10232840854195385,58.883740891040745,32.76445178670976,16.94423158535892,11.137743278846875,6.853702654639579,4.0685464346510045,1.7772147121699529,8.333333333333334,0.0,0.0,0.0,0.0,0.0,11.0,0.0,0.0,0.0,0.0,0.0,0.0,1.919935352347279,0.11044269177720212,0.660026637780786,0.5101111753732637,0.660026637780786,0.5101111753732636,0.598628636658806,0.11204912193652922,0.16206257239311006,0.04254497179165502,0.16206257239310998,0.11204912193652922,0.598628636658806,-15.083032858413148,-52.316388623626096,59.116816652365436,55.751832955702795,-2.7387498474012366,-0.19109413985197413,22.090539212330622,30.424642170493502,41.553388725485846,50.336741594753434,57.061653049480114,59.10334496780134,93.57142857142857,0.02974765907746384,50.0,14.005102040816327,22.00801749271137,11.639194139194139,2.7564102564102564,0.0,0.0,0.0,0.0,16.666666666666668,0.0,0.0,0.0,93.57142857142857,1.0,42.857142857142854,32.164848234324936,161.3496567794468,1.853407777019708,4.4863945578231315,17.01995348188496,-0.2346668676287079,-1190.7632292431344,0.7200912248184068,2.5272756887737944,0.0,50.0,0.0,0.7071285717849634,-0.004104023923602017,15.062837318341893,0.01080076608288838,28.955734816500136,151.3095238095238,111416.03436246293,838.4345787634782,4.218048066451461,7.851247996513921,10.900221386852632,16.362294989802148,20.924835181899848,23.770769893298652,25.292204631682164,25.962747360339616,26.117461844968457,26.895921281436344,40.42057211102773,41.754830730854515,39.378685103002695,37.509073447755604,36.61321496271183,36.06424308015036,35.52082846409801,34.89536231294061,2.1832311186188806,26.563106973513573,39.65073208252312,40.30696047930075,35.81837717022006,31.13007972234332,27.847405778377126,25.708636949735165,24.241802826503097,23.142266477767745,705.5986520863255,1572.1805546800285,1624.6510630799125,1282.9561431081415,969.0818635194507,775.4780085855917,660.9340138132883,587.6650042790535,535.5644977280127,1.0,True
11,47786.444444444445,2.453333333333334,47786.444444444445,0.07058296402048002,0.0,0.0,0.0,0.0,inf,0.07142857142857142,0.14285714285714285,0.21428571428571427,0.2857142857142857,0.35714285714285715,0.42857142857142855,0.5,0.5714285714285714,0.6428571428571429,0.7142857142857143,0.28608577375653055,0.8259024683930962,57.561089299330256,80.72306285383122,77.07668360539779,106.30796388792503,59.1876987020092,80.34977096983597,47.98972356827319,8.333333333333334,0.0,0.0,0.0,0.0,0.0,11.0,0.0,0.0,0.0,0.0,0.0,0.0,8.729243918518492,0.0,0.0,0.0,0.0,0.0,0.0,0.0,0.0,0.0,0.0,0.0,0.0,-57.01397753848246,-46.56259758954591,129.52402915733023,133.0045231289961,-17.480819896503885,54.10724414299513,24.20909733720349,55.700401375999064,71.55903896146691,91.54244210193409,111.76158163568422,123.56243704521741,217.0,0.06167696070218289,50.0,17.523809523809526,29.755102040816322,37.43589743589743,0.0,0.0,0.0,0.0,0.0,25.0,0.0,0.0,0.0,217.0,2.0,42.85714285714286,58.423603623171516,494.9468626928453,3.249185058904897,1.028571428571429,24.497350909368805,-0.06303997091773558,-855.3975268104213,0.9145499555699217,1.7589538754696639,1.0,50.0,0.0,0.009542585140830671,-0.0002585052466103271,16.7575034419681,0.008626663435978066,55.733594537681704,486.66666666666663,367588.0341880342,3106.2335600907036,0.4210958774860268,2.2587351600736385,11.92149404846606,26.212350210241233,36.9853024288655,43.45202575027455,46.902071095640224,48.49244430761846,48.97779230810944,58.79254343469092,53.56418800315116,53.57710951114312,52.27527833664285,52.04676228974901,52.64051608081949,53.0786592479995,53.05863705056011,52.62552913034656,2.194589060851346,58.791035386204776,53.51654278738089,52.233941486560354,45.22850231468148,36.61902332246171,29.714397040029148,24.850347975526457,21.533736571612287,19.25154998623875,3456.3858417819824,2864.02035191357,2728.384643221411,2045.6174216291479,1340.9528690909942,882.9453914524929,617.539794504752,463.70181073559246,370.62217687264916,4.0,False
12,7788156.944444445,53.63166666666667,7788156.944444445,0.09693555175388273,2.0,11.0,0.0,779.0,0.022727272727272728,0.07142857142857142,0.14285714285714285,0.21428571428571427,0.2857142857142857,0.35714285714285715,0.42857142857142855,0.5,0.5714285714285714,0.6428571428571429,0.7142857142857143,0.8499145514073182,107.5254620124649,6982.484907412573,6954.967243402775,16688.22252600755,15571.903736999777,3217.983971297764,10231.238561468912,4533.14483156511,8.333333333333334,0.0,0.0,0.0,0.0,0.0,4.0,0.0,0.0,0.0,0.0,0.0,595.25,1.562605246681417,1.2806140368399244,0.11943885047817117,0.010531545904700582,0.11943885047817118,0.010531545904700583,0.2011164480147917,0.38505824591649784,0.14785449812252663,0.040604032201994295,0.14785449812252663,0.38505824591649784,0.2011164480147917,-56.815521893545814,-67.5351759100074,296.5853855126995,31.54662970276798,-64.6820618688353,224.1557140790261,113.68685730923542,43.33151347995087,94.06636590407187,-27.957618197505365,-60.50844695597977,87.50827402103968,2130.5,0.039242296688856704,50.0,385.1904761904762,510.48639455782313,666.7948717948718,4.538461538461538,53.0,53.0,637.6666666666667,7.0,25.0,0.0,2.0,0.0,2130.5,4.0,35.71428571428571,745.8531521708376,8669.480123840065,1.6660208515551957,43.894505494505495,22.070196633113863,-0.5400814882405094,-16921.200047370912,0.833215099458341,1.690178218099297,1.0,50.0,0.0,0.09451883006447208,-0.0015067560172557267,17.567721085481093,0.16876483366292716,638.690239204678,8668.333333333334,59908899.572649576,407925.2216553288,100.72764685488995,152.27181596513978,303.9230387022142,523.4356624972474,690.5575738339822,790.67247122004,843.0098408083538,865.6841101402559,870.7198695798555,754.398147451486,478.21351655936576,472.8980801926701,653.5861583607966,785.961749945816,866.2947658272279,908.1357868409048,924.8661425101134,926.1476959446208,2.1569704373229563,747.643301339155,453.3226902359437,362.30288543693035,391.3949075127215,375.3213417838289,353.98257662552635,337.70551615486386,325.5278836170728,315.58907367392925,558970.5060373105,205501.46148275337,131263.38079592548,153189.97362689182,140866.10959841372,125303.66455444662,114045.01564142303,105968.4030122105,99596.46342236875,5.0,False
13,1894978.9250595137,42.8464480747569,1894978.9250595137,0.06934659698968074,2.0,11.0,75.43243243243244,420.375,0.004371528492079819,0.07142857142857142,0.14285714285714285,0.21428571428571427,0.2857142857142857,0.35714285714285715,0.42857142857142855,0.5,0.5714285714285714,0.6428571428571429,0.7142857142857143,1.0000000000000004,40.76579773291911,153.50845070040847,1180.1109736045828,72.66266392166614,915.1346826502586,552.6312985282532,1873.2360231827786,452.3499120890031,16.666666666666668,0.0,0.0,0.0,0.0,0.0,0.0,0.0,0.0,0.0,0.0,0.0,212.77621092143147,-0.5767639984949247,0.3990431523716885,0.350761115377583,0.7370700618724466,0.350761115377583,0.7370700618724466,0.4362497571787213,0.2846769721206598,0.1152710237616115,0.374626941262825,0.11527102376161155,0.2846769721206598,0.4362497571787213,-53.574861418852066,54.44701873776769,43.03836438561327,25.280819755081104,26.85221029393385,-60.894164941143735,-233.43505308845184,113.42176933806712,346.09806277644645,81.97689564862279,113.54385575214648,-54.190587540998884,695.4285714285714,0.029871919655194562,50.0,318.4002784560558,146.7994581052354,250.77100918254766,1.2090909090909048,310.25555555555553,119.7784090909091,210.31746031746036,87.26388888888891,0.0,31.384615384615383,3.0,0.0,664.0439560439561,4.0,42.85714285714286,367.9071044492767,3260.064539815617,0.4446101040728944,0.694795174591549,14.89493657900796,-2.6596472186098117,-13918.680058611168,0.7037756685839569,2.0509541630698456,2.0,50.0,0.0,0.7926829592720711,-0.005196889759367331,18.757196125546912,0.7674619475079614,184.32824033055033,3260.0231193731197,14576760.96199626,33976.900183357124,33.58758700810014,129.20584138298335,288.9276788186631,477.5338888954048,615.2569540627677,695.8918893691445,736.8256907836192,753.40364607957,755.6381542650325,172.7001564041308,275.68402154714005,342.6106501225106,489.15262790794736,622.5492945007269,705.4965545859309,749.0067100724183,767.4714739417042,770.9385522777096,2.0866880863189565,169.40253251053994,243.53137434203276,184.1272766046054,105.9796128775811,95.00791841082618,116.01666622887234,134.53234977041836,146.27169715383096,152.83072729979935,28697.218020984543,59307.5302889193,33902.85398982887,11231.678345681954,9026.504560758205,13459.866842861567,18098.953134750187,21395.40938826204,23357.231206985638,0.0,True
14,402428.6775006299,8.000634920634921,402428.67750062986,0.10120052425127317,2.0,11.0,0.0,30.0,inf,0.07142857142857142,0.14285714285714285,0.21428571428571427,0.2857142857142857,0.35714285714285715,0.42857142857142855,0.5,0.5714285714285714,0.6428571428571429,0.7142857142857143,0.37678366460774576,4.427560654684913,943.7003632619525,417.62913656770706,493.9024993940204,575.0309861322276,610.7420221852013,701.957370157365,362.8200702890903,8.333333333333334,0.0,0.0,0.0,0.0,0.0,10.0,0.0,0.0,0.0,0.0,0.0,22.5,7.978277192016087,2.388072515737252,1.5844232777039906,0.37067042214601054,1.5844232777039906,0.37067042214601065,1.3660490231035098,0.6404663177669836,0.37236776657634085,0.5597127892659665,0.372367766576341,0.6404663177669836,1.3660490231035098,-59.99865775259184,-28.36295019926875,115.19610725864347,114.52300318443673,-7.2472730540792725,18.146218810628955,40.448944799211816,61.51410658696306,77.65704033862352,95.03128295282677,105.78034295185189,113.14241731847804,618.0,0.027215647802811244,50.0,60.38208616780046,90.60042112082931,99.92185592185592,6.967032967032967,0.0,0.0,0.0,0.0,25.0,0.0,1.0,0.0,618.0,2.0,42.85714285714286,169.54322615710507,1308.0231212043561,3.07681997095417,15.270294784580503,23.530135618718013,-0.1361459034942373,-3046.039095151301,0.8997005613867368,1.612270140388005,1.0,50.0,0.0,0.10082472463856981,-0.0007559302532307367,17.559219447254794,0.012968256100114761,158.426352624125,1298.984126984127,3095605.2115433067,25098.9092057836,5.826651614648358,32.96073207114535,59.750555930443134,88.14299302297148,109.18814661189799,121.54940323964736,127.7158844732667,130.03939839735338,130.09183135874062,146.21697122809667,160.07172431203307,177.44510851507897,176.48862272365332,172.75214869964967,170.23618461597042,167.93509126139787,165.20644147716055,161.9995732181876,2.189703221002813,146.10083095615698,156.64146023821948,167.08272682097075,152.9020821697482,133.87028617211718,119.18934987946017,109.04516371754056,101.89662982651036,96.54002867517663,21345.45280607956,24536.547065561692,27916.637601931136,23379.046731844435,17921.253519804544,14206.10112468837,11890.847730185224,10382.923170000882,9319.977136603926,1.0,True
15,1044822.0,12.009999999999996,1044822.0,0.0814859564595692,2.0,11.0,0.0,0.0,inf,0.07142857142857142,0.14285714285714285,0.21428571428571427,0.2857142857142857,0.35714285714285715,0.42857142857142855,0.5,0.5714285714285714,0.6428571428571429,0.7142857142857143,0.28608577375653055,19.624029137551922,1275.9054797659348,1452.6480879900732,2082.2185217977067,2106.016948271232,1263.881627780411,1563.635744770665,1262.6224309842883,8.333333333333334,0.0,0.0,0.0,0.0,0.0,11.0,0.0,0.0,0.0,0.0,0.0,0.0,8.184425581844833,2.616934908641981,1.6050538516000685,0.8809932375528101,1.6050538516000685,0.88099323755281,0.18052620764900587,0.17399642786120864,0.5001391402225718,0.6336178570151638,0.5001391402225719,0.17399642786120864,0.1805262076490059,-57.43485638947424,-48.67682057482611,125.7455136577761,130.60793607525022,-20.71447301102754,83.54971531225853,19.557569448091275,55.788428989412566,68.13825549045063,80.28906959871034,109.15399621066902,119.23715024496747,1003.0,0.05406186587497427,50.0,85.85714285714286,146.89795918367346,184.46153846153845,0.15384615384615385,0.0,0.0,0.0,0.0,25.0,0.0,0.0,0.0,1003.0,2.0,42.85714285714286,273.1851805225585,2407.0060991491478,3.1337765369550796,11.432967032967033,24.22680226696032,-0.09518941739517271,-4203.363637250255,0.9044212325548212,1.7697592518032186,1.0,50.0,0.0,0.019371129248106963,-0.00039764454842041005,16.78367164991379,0.02229843871830961,259.3428115015934,2398.0,8037092.307692307,67258.69387755102,8.078873195023256,17.89252026200881,71.08065800075973,133.70330570148528,177.57458071713253,202.75562011870258,215.46066735014853,220.6601904888749,221.48658017417824,276.6847862211885,237.30388452993736,238.3052895559019,242.53792571962805,247.43804481187203,251.36005029901315,252.65762022767916,251.40063834036224,248.2905799908134,2.194313903046365,276.5668142315045,236.6283823459719,227.45758085520316,202.3562982881309,172.316146380589,148.56659583029688,131.95671216024903,120.46311174527679,112.21366634649186,76489.20273416353,55992.99133167146,51736.95108850128,40948.071456875005,29692.85430345658,22072.033396602783,17412.57388414281,14511.361291355042,12591.906914921801,3.0,False
16,31906.145124716553,2.316190476190476,31906.145124716553,0.006960843204381331,2.0,11.0,0.0,0.0,inf,0.07142857142857142,0.14285714285714285,0.21428571428571427,0.2857142857142857,0.35714285714285715,0.42857142857142855,0.5,0.5714285714285714,0.6428571428571429,0.7142857142857143,0.28608577375653055,13.058754224091793,39.3692097733684,28.155750189493094,16.943722278997402,9.53927492496078,5.53992345504859,3.3205242807944257,1.254463818661866,8.333333333333334,0.0,0.0,0.0,0.0,0.0,11.0,0.0,0.0,0.0,0.0,0.0,0.0,2.022954637194701,0.08877426005133718,0.4514896315088839,0.26173066316490057,0.451489631508884,0.26173066316490046,0.6314856672608236,0.39786220954426865,0.6598795458958944,0.44068812214845027,0.6598795458958944,0.39786220954426865,0.6314856672608236,33.60273063851002,-144.63726654175014,78.94492539927899,58.770505554901945,23.662437878794773,-79.67980610511229,34.04707116274475,-24.969199346421938,51.84979310915621,18.269765319154814,71.50551491568784,47.00352659427449,137.28571428571428,0.016725209820726047,41.66666666666667,20.35374149659864,31.984450923226415,12.915750915750912,-8.205128205128206,0.0,0.0,0.0,0.0,16.666666666666668,0.0,0.0,0.0,137.28571428571428,1.0,7.142857142857142,47.73898161933476,177.93847330426053,1.9141507983959194,-7.177603349031924,16.006746439143072,-0.21917561223229032,-1884.4599862102714,0.6992819698106459,2.4898056479087636,0.0,41.66666666666667,0.0,0.5953423183532816,-0.004625101831297848,13.544751153445201,0.01155290188263658,43.18258414153581,167.90476190476187,245431.88557474272,1864.7355731408202,6.61619300164005,13.63257970283632,18.945337537609294,27.041147829695586,33.60285643865474,37.607450864703345,39.6768173466,40.515903371696986,40.61645749874174,41.580587476017165,61.01772932193068,63.56822866562305,60.284806147815665,57.41865799675696,55.87344516444556,54.846825136300325,53.8674451939868,52.80471659599263,2.1813939664531543,41.05083732417359,59.4753399506906,60.67943540665975,53.87981232643876,46.5591057185563,41.322167343972026,37.867194149770945,35.49877780575672,33.74376201664546,1685.1712450157636,3537.316062250214,3681.9938812709925,2903.034176332262,2167.7503253117025,1707.521514003228,1433.9243927764467,1260.1632257024855,1138.6414750360052,1.0,False
17,2091950.38,24.436,2091950.38,0.09865326523662575,2.0,11.0,0.0,291.5,0.001182033096926714,0.07142857142857142,0.14285714285714285,0.21428571428571427,0.2857142857142857,0.35714285714285715,0.42857142857142855,0.5,0.5714285714285714,0.6428571428571429,0.7142857142857143,0.7821952376742991,13.277934982362405,3858.5441566274844,1708.448524606324,4422.2431620909,2069.7556810477595,2545.1930795461944,3283.569199621411,374.14882533758487,8.333333333333334,0.0,0.0,0.0,0.0,0.0,5.0,0.0,0.0,0.0,0.0,0.0,275.75,5.563783582409018,1.0922950977855548,1.4307034715122477,0.9338969841611441,1.4307034715122477,0.9338969841611441,0.29999940623218563,0.5053981996967171,0.1831372233032349,0.8300610087390812,0.1831372233032349,0.5053981996967171,0.29999940623218563,-58.83214523029813,-67.13335407533583,88.42762126068273,77.45536481530864,-11.519892048034581,44.46479445063525,189.972088977577,22.313717069546104,106.3334001839911,70.67941798354524,96.88712812936558,101.1562806311686,1302.0,0.04119380268875659,50.0,189.92857142857142,226.19387755102042,285.1692307692308,21.753846153846155,24.5,24.5,128.3,0.0,25.0,0.0,2.0,0.0,1302.0,3.0,35.71428571428571,386.555335162842,3710.283692313924,2.4968530276324765,34.84131868131868,21.660735182417763,-0.38459939547082805,-9654.110566949366,0.9087810980021883,1.6540479212507706,2.0,50.0,0.0,0.20683260052310357,-0.001717336191899435,17.68135437552881,0.03906229812192841,336.6781324914928,3707.2000000000003,16091925.999999998,113352.1648979592,14.975552723232584,79.60121586548756,169.63690634208868,272.42462666572175,348.48144634323427,393.39081123882016,416.30639819938864,425.6236498074573,426.8947562812479,344.37363115569923,331.1920642538406,376.77659166099244,421.7572524224306,455.7892137434826,477.16657803287023,486.93108514471635,488.3102187839752,484.3279047113808,2.1727962746752825,344.0478609961051,321.483794082153,336.4281796020656,321.96894688301853,293.7762565617406,270.058535922237,252.56853426043216,239.35617496407446,228.7671006541156,118368.93065599525,103351.82985745615,113183.92003035969,103664.00275696002,86304.48891942963,72931.61282446217,63790.86449846309,57291.37849343262,52334.38634169027,4.0,False
18,5850501.887777778,16.857666666666663,5850501.887777778,0.0005271364791983821,2.0,11.0,0.0,75.0,0.009933774834437085,0.07142857142857142,0.14285714285714285,0.21428571428571427,0.2857142857142857,0.35714285714285715,0.42857142857142855,0.5,0.5714285714285714,0.6428571428571429,0.7142857142857143,0.9107950720287574,3659.4357237062427,94.84988542256242,262.296721471637,102.5812143850029,10.276170176330329,77.28853864027197,4.071483271835042,13.84408496722013,16.666666666666668,0.0,0.0,0.0,0.0,0.0,3.0,0.0,0.0,0.0,0.0,0.0,69.16666666666667,9.000272499962438,1.7223072066279592,1.6887996406925692,0.5899761273586124,1.6887996406925692,0.5899761273586123,0.4301705691302735,0.30450308351180777,0.6930786476965081,0.6714562893462006,0.6930786476965081,0.30450308351180777,0.4301705691302735,-56.77908943104576,-41.586762714541,131.2103517577143,145.77929007921804,-24.278026656059634,1.0450517121606326,37.52544152244297,65.07669781676617,70.85502988173798,131.10527879202013,129.08102403667522,116.49507495512808,2411.0,0.006805650665045256,50.0,209.19761904761904,314.54319727891146,225.65641025641025,-179.69230769230768,46.25,35.25,42.5,15.0,25.0,0.0,4.0,0.0,2411.0,3.0,21.428571428571427,646.446433963501,2933.9251295497806,3.3094342263281287,-65.60739926739932,24.094570811876157,-0.09735258601311184,-10418.710282663418,0.9180522869349189,1.719905217337274,2.0,50.0,0.0,0.051780186723430884,-0.0004656492967494065,16.951512746223916,0.00804203029498729,611.661138351076,2933.5333333333333,45003860.67521368,374129.3481689341,101.26389751859878,106.67289912409527,149.66188001934626,237.57820790678556,311.0961470462351,357.1368237445978,382.06129973558984,393.4292262005496,396.5656052191094,576.8753544899762,582.0097147923484,534.8835411557332,494.19279613364716,478.1402850538918,478.25142959460527,481.1871981230332,481.5345596422164,478.5490299746447,2.194951880607242,567.9179497755626,572.1505052913363,513.5189619365304,433.3394914823628,363.0940917784317,318.0844526771212,292.5239868486805,277.64901602753804,267.8523751003056,322530.7976772785,327356.20070513146,263701.72426837176,187783.11487819278,131837.31948440417,101177.71903490376,85570.28288184703,77088.97610106006,71744.89484687483,6.0,False
19,158698.02777777778,8.176666666666664,158698.02777777778,0.06031252051196463,2.0,11.0,0.0,93.0,0.0036231884057971015,0.07142857142857142,0.14285714285714285,0.21428571428571427,0.2857142857142857,0.35714285714285715,0.42857142857142855,0.5,0.5714285714285714,0.6428571428571429,0.7142857142857143,0.7090260576130032,4.606766193316461,189.89146564049537,196.8136115673307,153.40904448411325,32.5443440861848,323.783308227198,216.3219898773454,57.079270521817435,16.666666666666668,0.0,0.0,0.0,0.0,0.0,6.0,0.0,0.0,0.0,0.0,0.0,87.5,0.38427997406934855,0.3885721194872883,0.6969757462970861,0.19872750458293803,0.6969757462970861,0.198727504582938,0.34517485557400174,0.29037941184388183,0.6797305069737029,0.7824369202585537,0.6797305069737029,0.29037941184388183,0.34517485557400157,-52.714354582386306,-31.909240157208934,253.962374476066,173.1085385158234,-43.93546706688538,-24.11906682660112,-94.69435098724979,79.46128982453367,-24.663246951622614,222.70150136142396,377.5022538385154,-57.9255685308015,265.6666666666667,0.02402991280806385,50.0,61.72619047619048,69.14795918367346,101.79487179487181,7.153846153846154,6.0,6.0,71.0,0.0,16.666666666666668,0.0,3.0,0.0,265.6666666666667,4.0,50.0,106.4686499054929,1326.384306946892,1.307322694317977,0.6010989010989007,20.960940936545647,-0.6809113011225444,-2804.349741913574,0.8732011286225049,1.6159805060706864,2.0,50.0,0.0,0.2528659990806528,-0.0020772303754908084,18.23681919926625,0.18838350705600426,86.7493563203524,1323.3333333333335,1220754.0598290598,7525.450821995465,4.505672101501228,29.89106346036641,59.103107546365045,91.36702325611815,115.0474491349773,128.91680428891672,135.88262178264787,138.5912321762979,138.78939627651982,85.61864488867378,115.17656313624319,112.8624492079113,109.65874484651874,119.40563583277344,129.81073838962854,136.47833612223738,139.6829874219964,140.4831420807267,2.174583782565128,85.50000743559372,111.2302342939426,96.14964960711589,60.63915717281917,31.96545504390205,15.208069344716735,12.737712831127707,17.430069965123185,21.748946872729054,7310.25127148658,12372.165021085366,9244.755119571162,3677.107382629866,1021.7903161637231,231.28537319371293,162.2493281682754,303.8073389890894,473.01669007279094,5.0,True
20,255001.56510204083,11.37671428571429,255001.56510204083,0.08991156521665175,2.0,11.0,0.0,116.0,0.0037919826652221015,0.07142857142857142,0.14285714285714285,0.21428571428571427,0.2857142857142857,0.35714285714285715,0.42857142857142855,0.5,0.5714285714285714,0.6428571428571429,0.7142857142857143,0.7821952376742991,6.0700138095737115,210.51571086810387,227.9856522952427,323.22909663410167,318.63729019096877,284.94902165553464,239.88630053704426,81.86117899919844,8.333333333333334,0.0,0.0,0.0,0.0,0.0,5.0,0.0,0.0,0.0,0.0,0.0,114.875,2.1844878194361055,0.6532490429492535,1.620971762799253,0.28620081691223215,1.620971762799253,0.28620081691223215,0.202644634834787,0.23789992924107672,0.3784793525555561,0.16081569373568882,0.3784793525555561,0.23789992924107672,0.202644634834787,-69.8855486981282,-85.86245358939757,69.41642629738338,11.893001625020105,-30.183206657816598,4.105782190100214,127.89227121721918,259.76485900709673,204.74941463314806,104.1602561314632,113.57676595687424,122.62432807930493,385.0,0.049262282463374475,50.0,85.90510204081633,77.68061224489796,101.06153846153846,10.0,71.08571428571429,65.08571428571429,54.42857142857143,11.5,16.666666666666668,0.0,2.0,0.0,385.0,4.0,42.85714285714286,134.96072579565,1315.951885942629,1.5823189819201011,9.259372056514916,19.197012866614045,-0.8385662996099906,-4285.984131290468,0.8796478722170801,1.6888471301094183,1.0,50.0,0.0,0.2973769610517084,-0.002984393382884205,17.405755677681356,0.15036310735298386,104.08991762243623,1313.8,1961550.5007849294,10834.710950645562,9.542046193100093,29.2135289006903,73.57006558959918,124.24458808731659,160.9128857050171,182.34974565477708,193.25243273711652,197.70214234516794,198.3522980559203,117.82776524060229,100.19294236124485,114.25354602148421,150.15123041777932,179.64712598392907,197.75149504711982,206.97231019242886,210.4443921132811,210.43534447033633,2.1421809746240377,117.44075789964586,95.83942522872447,87.41463394435443,84.31295468067816,79.87573529157525,76.51290121939672,74.10151434064778,72.11591422189252,70.28086552031411,13792.331616043231,9185.195428172266,7641.318227625484,7108.67432698609,6380.133088369801,5854.22405300916,5491.0344275772295,5200.705084059361,4939.4000582844765,5.0,True
21,1187282.25,19.064999999999998,1187282.25,0.1112121148951734,0.0,0.0,0.0,0.0,inf,0.07142857142857142,0.14285714285714285,0.21428571428571427,0.2857142857142857,0.35714285714285715,0.42857142857142855,0.5,0.5714285714285714,0.6428571428571429,0.7142857142857143,0.6715046954648326,49.875729867359375,1535.115414893034,3143.0423037482697,1189.2617117357768,1771.0045081207136,595.0515679156573,2248.27237546393,26.011081991300554,16.666666666666668,0.0,0.0,0.0,0.0,0.0,6.0,0.0,0.0,0.0,0.0,0.0,125.25,5.027608026125911,0.18354278645828814,0.8345835787657523,0.2031751368663236,0.8345835787657523,0.2031751368663236,0.7418399118867699,0.6591903489952684,0.47388501252064996,0.15921364704637914,0.47388501252064996,0.6591903489952684,0.7418399118867699,-38.245694257060265,-60.768102047204,101.80268593948546,87.3527710103608,-46.379955631380525,18.023296483883286,7.423056940595163,54.47515035460493,234.0706726675469,-7.019896392542228,215.44657169295115,28.1421694256927,972.0,0.01157240455003109,50.0,136.17857142857142,174.0408163265306,232.76923076923077,0.0,3.0,3.0,138.0,0.0,16.666666666666668,0.0,2.0,0.0,972.0,4.0,42.85714285714286,291.21448281292606,3029.0431578893713,2.416886126732846,26.48241758241759,21.62868512741474,-0.3703236999405989,-7173.224076946707,0.8546300744177918,1.8221740332772995,2.0,50.0,0.0,0.2583163366571727,-0.0017338190773295607,17.256926658622948,0.1435116148559451,257.41264864740714,3026.0,9132940.384615384,66261.27168367346,45.16703109306716,62.993899940980796,106.23831762898915,176.18715026392232,231.4987508732526,265.229992594459,283.1056450569514,291.00450861292586,292.92169262199275,259.64631552629584,297.6346834064606,253.92063026141153,256.7881573136752,283.6234692209855,306.22795591208416,319.36339683640307,324.89821623269285,325.38069220102506,2.1762063312531565,255.6875993641825,290.89203037671854,230.6276356807971,186.8107219043673,163.86152885003565,153.06407811905635,147.79774347321188,144.48261791002824,141.66678103452847,65376.148468618696,84618.17333668975,53189.10633971448,34898.24581843086,26850.600637071067,23428.612010436587,21844.172975773345,20875.226878135214,20069.476848685037,6.0,True
22,323692.3611111111,13.716666666666669,323692.3611111111,0.06830375377855774,2.0,11.0,0.0,139.0,0.003048780487804878,0.07142857142857142,0.14285714285714285,0.21428571428571427,0.2857142857142857,0.35714285714285715,0.42857142857142855,0.5,0.5714285714285714,0.6428571428571429,0.7142857142857143,0.7090260576130032,16.123756804929467,148.20992610449616,606.5135761767446,378.9618095292441,42.74369667574955,602.1398250457936,223.80656976517147,0.8209657701359916,16.666666666666668,0.0,0.0,0.0,0.0,0.0,6.0,0.0,0.0,0.0,0.0,0.0,134.5,-0.1474360111000399,0.0,0.0,0.0,0.0,0.0,0.0,0.0,0.0,0.0,0.0,0.0,0.0,-29.710774173825804,-58.02268389978308,132.46909432864715,-4.486644360188539,-7.439085901726638,-24.226126421492125,3.4943723881518007,106.55347630868901,-7.013712359445751,212.4585679913403,366.82812440007615,-220.2933722239325,350.6666666666667,0.0249296831459739,50.0,99.36904761904762,93.79761904761905,117.64102564102565,-3.0,77.0,77.0,76.0,0.0,16.666666666666668,0.0,1.0,0.0,350.6666666666667,3.0,28.571428571428566,152.0555258335189,1532.3974774050814,0.9969529833934351,1.1490842490842448,18.65679200236237,-0.9402059216286403,-4980.581303424124,0.8453073742091256,1.7993678680310208,2.0,50.0,0.0,0.4384892189168865,-0.0032622212559279243,17.690438635371468,0.3552630918660846,115.09420190344684,1529.3333333333335,2489941.2393162395,13246.675311791387,16.637299291166705,31.947108236191973,78.67183827329355,142.03734579085133,190.1537458004982,219.1377918472412,234.46101052790144,241.27813821037282,243.0195030840908,124.22411599886688,150.72206091542807,145.18978820448345,167.92499788638935,202.47580319873381,227.05445472837974,240.76135418676446,246.90310907284731,248.31628428597165,2.153605073399216,123.10496037120551,147.29739278730986,122.02793312009962,89.57788407767845,69.55576064577181,59.43360662383744,54.718042838536554,52.40234051618853,51.01468575178189,15154.83126799608,21696.521921939046,14890.816461563505,8024.197315833999,4838.003839011899,3532.3535963170534,2994.064212079921,2746.005291574574,2602.498162353058,5.0,False
23,12350.694444444445,0.9658333333333334,12350.694444444445,0.015419375878549338,2.0,11.0,0.0,0.0,inf,0.07142857142857142,0.14285714285714285,0.21428571428571427,0.2857142857142857,0.35714285714285715,0.42857142857142855,0.5,0.5714285714285714,0.6428571428571429,0.7142857142857143,0.19292394233698318,5.791363710790805,2.400861576925127,3.473279378914489,5.6014810352703694,2.5043997142965613,3.8412590324000915,3.92688907903069,1.622735432934547,25.0,0.0,0.0,0.0,0.0,0.0,12.0,0.0,0.0,0.0,0.0,0.0,0.0,5.308959523462949,0.0,0.0,0.0,0.0,0.0,0.0,0.0,0.0,0.0,0.0,0.0,0.0,-60.58900416680393,-48.25733877887719,147.12238588922773,119.31393741396026,-36.89308744510552,-4.205167823694677,0.18289710837613435,41.56170694764756,19.13139185885255,138.70511081263396,443.47518228669026,67.80214520786264,101.16666666666667,0.006883056219066665,50.0,10.511904761904763,18.020408163265305,14.858974358974361,-7.782051282051283,0.0,0.0,0.0,0.0,25.0,0.0,0.0,0.0,101.16666666666667,1.0,50.0,29.701724871082156,203.19334544794015,2.5849092410719963,-2.3849816849816867,25.027737030728893,-0.18433368649595827,-393.00087486163227,0.9290096935690949,1.6880435230379844,1.0,50.0,0.0,-0.012966709122751384,1.426475866057454e-05,17.540091290694047,0.10962424717539188,27.7793505790561,193.16666666666669,95005.34188034189,771.6923185941044,4.1505475613011,5.195201402369441,8.584578180302724,13.435585949764599,17.207926196044543,19.487010166421047,20.67421647356706,21.17567913807403,21.267199205208033,27.40964645201532,28.32050755861038,26.012343779784253,21.99515274658234,20.90127229764784,21.425370492208256,22.12403407772522,22.558503131041483,22.70495808974091,2.1927135858163442,27.093572550807203,27.839917937489076,24.554980072969943,17.414699955267007,11.863829891392793,8.905219565074791,7.877160470400182,7.776675160667603,7.95118606390832,734.0616735658534,775.0610307661261,602.947046383951,303.27177453197675,140.75045969190515,79.30293550219085,62.04965707643521,60.47667655454448,63.22135982288988,3.0,False
24,22079798.36527778,93.2003333333333,22079798.365277782,0.07380328471074027,2.0,11.0,0.0,1065.5,0.0003307972213033411,0.07142857142857142,0.14285714285714285,0.21428571428571427,0.2857142857142857,0.35714285714285715,0.42857142857142855,0.5,0.5714285714285714,0.6428571428571429,0.7142857142857143,0.8499145514073182,146.92860182775354,24166.161602877244,43396.37835043539,13586.261452452854,18024.950555841304,34806.211485275315,30963.92624125714,2244.0435832847083,16.666666666666668,0.0,0.0,0.0,0.0,0.0,4.0,0.0,0.0,0.0,0.0,0.0,1043.4375,4.003066846419481,0.7833121029961982,0.2204637582327147,0.5272866640043499,0.2204637582327147,0.5272866640043498,0.21652758223845375,0.0815524431566822,0.06434475839674295,0.19546163534896382,0.06434475839674293,0.0815524431566822,0.21652758223845375,-51.787815403199424,-44.507374712682605,117.0183655910744,180.6635999568532,-6.193642209954246,-124.2879853696033,54.056001048664335,1.6904569227953654,197.5901336975256,259.5843759977475,73.9646101379916,78.85610774210396,3908.8,0.06210775027758635,50.0,746.0916666666668,710.9857142857144,916.8692307692307,9.192307692307692,398.625,398.625,490.25,0.0,16.666666666666668,0.0,3.0,0.0,3908.8,3.0,35.71428571428571,1255.8377501344266,11920.337275339012,2.0658677050188303,6.41805860805859,20.390467794393313,-0.6810350451837184,-35916.459737285084,0.8676316464773777,1.6503690898644905,2.0,50.0,0.0,0.3098839950386484,-0.002370616562883437,18.097122538949584,0.17697168526764662,1010.1859628767636,11919.3,169844602.80982906,1020475.679593254,59.94045059221748,135.81617643077942,517.2234860500138,1041.055957938983,1433.1925563864684,1668.2022640189819,1792.8834598573717,1849.3768480811607,1865.3092234305025,1017.7023303758968,1118.6706294372084,1116.655364999612,1348.6471400677374,1610.1234882912202,1785.1947868320892,1879.518805442873,1919.0454277512156,1924.6172782427532,2.147528499041197,1015.9356158907576,1110.3953995695242,989.6459314627064,857.3515036743294,733.7961187315626,635.6269607674076,564.056592358661,512.3871851971285,474.10248754424396,1032125.175635333,1232977.9433851636,979399.0696606876,735051.6008526336,538456.7438655056,404021.6332544115,318159.8393832646,262540.62755423645,224773.16869564,6.0,False
25,56081.875,6.010000000000001,56081.875,0.06966318217784266,2.0,11.0,0.0,89.0,0.004761904761904762,0.07142857142857142,0.14285714285714285,0.21428571428571427,0.2857142857142857,0.35714285714285715,0.42857142857142855,0.5,0.5714285714285714,0.6428571428571429,0.7142857142857143,0.6715046954648326,0.04225602884185114,11.036038715993765,142.61299600399138,1.4711635564410002,23.596681224923582,12.202872898876992,68.7272476199089,0.315766806895493,16.666666666666668,0.0,0.0,0.0,0.0,0.0,6.0,0.0,0.0,0.0,0.0,0.0,88.9375,-1.7027783547044306,0.23539111345258595,0.13382841382793464,0.8978366354633663,0.13382841382793456,0.8978366354633663,0.06468859755127654,0.22174531737033723,0.5923626972188326,0.9636588440628091,0.5923626972188326,0.22174531737033723,0.06468859755127661,-37.9404821076709,-38.63947298207839,238.68944912012677,133.4857680425623,-60.31738584542289,-94.75921956236263,107.36048984285698,-65.85091210850618,282.8854008605243,186.38150031137636,18.893374693106775,-48.13904855908001,113.0,0.046269037485977306,50.0,46.107142857142854,40.92857142857143,49.34615384615385,-6.846153846153846,47.125,47.125,36.25,0.0,16.666666666666668,0.0,2.0,0.0,113.0,4.0,35.71428571428571,63.29177050996215,643.6426441920411,0.08491393728856274,0.7054945054945029,18.323418894511555,-1.3294850176473432,-2049.8338153341188,0.7310066123869834,1.71654883304409,1.0,50.0,0.0,0.5148079236521051,-0.003433670282822627,19.042464321455665,0.4966752981840957,43.35873143712504,641.5,431399.03846153844,1879.9795918367347,9.814147502301685,19.721500093435168,39.77941356558769,65.82758562980587,85.32892961930727,96.89512809643544,102.84947016210742,105.33394024158012,105.76344584084802,46.8653321694597,60.45990405952403,56.464823831666344,69.84331472811515,86.53951848898328,97.83025994036016,104.04125027901931,106.83528541002546,107.5198685957641,2.1379642945964186,45.82621376632439,57.152973964190934,40.073365053599545,23.34132777630964,14.424355456254675,13.494217694027558,15.702491744793656,17.847667685858024,19.354990744518208,2100.0418681568594,3266.462432951487,1605.874586719053,544.817582361124,208.06203032838403,182.09391117380642,246.56824699531293,318.53924182482075,374.61566672038555,7.0,False
26,257765.80111111113,8.512833333333335,257765.80111111113,0.04422487646527336,2.0,11.0,0.0,84.0,0.004273504273504274,0.07142857142857142,0.14285714285714285,0.21428571428571427,0.2857142857142857,0.35714285714285715,0.42857142857142855,0.5,0.5714285714285714,0.6428571428571429,0.7142857142857143,0.7821952376742991,0.03766288842973984,288.79228409934166,170.742118085862,578.7116335511273,346.83819685031943,449.5626115423543,463.8082550712086,19.903401492238125,8.333333333333334,0.0,0.0,0.0,0.0,0.0,5.0,0.0,0.0,0.0,0.0,0.0,82.875,7.020568996995252,0.0,0.0,0.0,0.0,0.0,0.0,0.0,0.0,0.0,0.0,0.0,0.0,-59.45906683859436,-57.42875744434149,196.88613482054967,151.15606079657226,27.97558897841133,49.328599858555926,72.5331615817644,-29.97918621369775,11.624826480202955,-10.582234886236687,187.91764323582112,149.37445178061026,473.0,0.033948652794044236,50.0,66.6452380952381,69.49625850340138,116.76153846153846,0.34615384615384615,27.166666666666668,27.166666666666668,84.0,-21.0,25.0,0.0,5.0,0.0,473.0,4.0,35.71428571428571,135.69024628361444,1518.0527895430819,2.8275658233273493,-4.714652014652017,23.0003650152663,-0.43760143316685124,-2760.1499393138033,0.8835026780096827,1.6201514858174915,1.0,50.0,0.0,0.06756698540673853,-0.0010283837064344748,17.950778383501845,0.10664597790388375,118.19583400330558,1517.9,1982813.8547008547,13970.255175736966,4.127733736245194,14.000987262270211,52.47155676343065,99.09744737059012,132.48053891433904,151.9203267897533,161.8854811012416,166.09590174533733,166.9295109301383,129.97151992762792,101.45185090852947,110.82272374104336,130.81654848135778,150.85067840586282,164.22322231298222,171.26151024128984,173.92176301272355,173.84891766551837,2.15862906912293,129.90595754814495,100.48109478129822,97.61358424013378,85.3971034708353,72.14453537500509,62.36570415664167,55.88913936309074,51.584213407371294,48.55908312661018,16875.55780650044,10096.450408448236,9528.411828205693,7292.665281208551,5204.83398447536,3889.481054953752,3123.595898746979,2660.9310728572245,2357.9845540970377,10.0,False
27,1968419.923611111,37.97416666666667,1968419.923611111,0.05793487200141482,2.0,11.0,4.0,467.0,0.001579778830963665,0.07142857142857142,0.14285714285714285,0.21428571428571427,0.2857142857142857,0.35714285714285715,0.42857142857142855,0.5,0.5714285714285714,0.6428571428571429,0.7142857142857143,1.0000000000000004,78.66989138407111,739.0624983506838,4155.065182735287,1297.2816521902375,824.895545807225,1008.7702463652361,1236.4839425831856,0.09130682052776538,16.666666666666668,0.0,0.0,0.0,0.0,0.0,1.0,0.0,0.0,0.0,0.0,0.0,361.25,-0.042129133705600896,1.5572855606777083,0.1254076883125858,0.7051261846052445,0.12540768831258578,0.7051261846052445,0.23004551377258833,1.8329235384908547,0.5101624952274317,0.17210453807678028,0.5101624952274317,1.8329235384908547,0.23004551377258836,-26.23147496286714,-0.755336264345693,72.43545847920832,-101.37095805619572,-51.5107644286517,-119.05642429269663,98.59177281852584,188.0273626058409,170.06148064028457,-84.5400379481455,109.81235838498267,66.06540013043943,874.0,0.06442911288099538,50.0,279.86309523809524,202.7406462585034,263.0897435897436,-6.512820512820513,238.125,191.45833333333334,210.25,-15.166666666666671,16.666666666666668,0.0,4.0,0.0,874.0,4.0,35.71428571428571,374.9685628357121,3420.2464913833273,0.8565692511499128,-4.966849816849826,16.07690358045698,-1.304191403093646,-14891.4056363409,0.7388481656006344,2.161858261878125,1.0,50.0,0.0,0.715613293610106,-0.004589021015764981,17.338777922919604,0.3594362555784051,249.55574735684252,3420.1666666666665,15141691.720085468,62278.071038832204,19.60754346032138,98.07662350700467,250.87463538188723,431.1928997011536,561.7915476826539,638.0230833264094,676.7932257022238,692.6796626139829,695.115957613593,263.39022590813715,370.62414968939515,353.9527562958233,470.700240852339,587.1867265072243,659.490138857344,696.8161801176836,711.9661639374333,713.8812641291659,2.1262709578352865,262.6593903582949,357.4118580216001,249.68874826754939,188.76281409684722,170.81717928416393,166.89454272905533,165.84245089053266,164.59253808348387,162.6046270731366,68989.95534339114,127743.23625445242,62344.47101141565,35631.39998576091,29178.508738598204,27853.78839274048,27503.718517378737,27090.70359276309,26440.264745593828,2.0,False
28,369157.1267346938,13.097571428571431,369157.12673469377,0.0872713294014689,2.0,11.0,0.0,187.8,0.0022522522522522522,0.07142857142857142,0.14285714285714285,0.21428571428571427,0.2857142857142857,0.35714285714285715,0.42857142857142855,0.5,0.5714285714285714,0.6428571428571429,0.7142857142857143,0.6313247675185967,22.627655305802303,1346.1729291824083,94.31710662271433,61.22159851511154,329.1451341116906,289.48327370544274,438.61862764440616,122.92280085940682,8.333333333333334,0.0,0.0,0.0,0.0,0.0,7.0,0.0,0.0,0.0,0.0,0.0,168.60000000000002,-0.3749105978318559,0.03686109769398149,0.0732939475926703,0.9693950023301103,0.07329394759267027,0.9693950023301103,0.556677918507491,0.3440117179399501,0.13743881668589136,0.7274493696209958,0.13743881668589142,0.3440117179399501,0.5566779185074909,-49.5667829160829,60.042947713087685,-20.618633580469957,-1.8184629997908317,117.96269436053554,3.1758339727271436,-101.07428150512958,-155.8105954160739,4.00548487631947,140.8727441300514,151.5605874105027,49.721079335360876,388.4,0.05853395167181074,50.0,93.91122448979591,114.07157434402333,100.61318681318681,0.7692307692307693,5.0,5.0,33.71428571428572,0.0,8.333333333333334,0.0,1.0,0.0,388.4,2.0,42.85714285714286,162.38339260938994,1314.0067206955216,1.0848911471666456,15.513312401883832,18.024668301736703,-0.6408331713982159,-5468.893732295739,0.6756964720265558,1.7887938322462622,0.0,50.0,0.0,0.5828111121059497,-0.003587313444821124,18.237012912096265,0.08957887281414711,132.4728202695271,1307.9714285714285,2839670.205651491,17549.04811016243,8.027913316482977,36.44096388800221,85.3151171280992,143.79345710938543,186.67838774249148,211.86567479704152,224.72725164290227,230.02199916983494,230.85608463059094,90.29823555780372,149.33482497821365,213.44145043178835,240.28139997849016,255.43634492611378,263.808648878326,266.70627500931255,265.76701687289847,262.43126900562595,2.147895283170831,89.9406690693128,144.82039256329554,195.64913378761554,192.50608527564657,174.3528200491078,157.187591958787,143.63112301437576,133.1239541008002,124.80240038130938,8089.323952635642,20972.946102187027,38278.583551844284,37058.592868154505,30398.905859076567,24707.939065802122,20629.899498370738,17721.987155431958,15575.639140936653,1.0,False
29,59002.77777777778,3.043333333333334,59002.77777777778,0.08841086577844734,2.0,11.0,0.0,19.333333333333332,inf,0.07142857142857142,0.14285714285714285,0.21428571428571427,0.2857142857142857,0.35714285714285715,0.42857142857142855,0.5,0.5714285714285714,0.6428571428571429,0.7142857142857143,0.37678366460774576,0.06399446072449705,104.07307851626568,92.42105153117772,118.00050178031643,91.92258243779233,97.04937976033274,75.11039483133472,28.375673729759363,8.333333333333334,0.0,0.0,0.0,0.0,0.0,10.0,0.0,0.0,0.0,0.0,0.0,14.5,8.242679509576565,0.0,0.0,0.0,0.0,0.0,0.0,0.0,0.0,0.0,0.0,0.0,0.0,-48.85633069973256,-50.57496917266939,129.82970289228626,110.52103438072962,-3.2319737072871493,-3.149372895313605,17.63443732043696,44.063109038854044,52.97353252582672,89.7559911760951,207.60095031481717,99.12763481004478,238.0,0.042578436906943226,50.0,22.88095238095238,33.193877551020414,42.05128205128205,-2.4615384615384617,0.0,0.0,0.0,0.0,25.0,0.0,0.0,0.0,238.0,2.0,42.85714285714286,64.91905827246825,553.7546185568987,3.1332816812996294,2.135531135531135,23.551326186721344,-0.12842015056128525,-1189.7276019548756,0.9164246713798282,1.7275683936744806,2.0,50.0,0.0,0.0819181851799685,-0.0007450322468290209,16.948696623098254,0.009944004581852961,60.753157490987384,546.6666666666666,453867.5213675214,3690.946145124716,1.372538404909236,8.394326736903544,22.737680600988917,37.06118008420237,47.02986805984718,52.726926296748346,55.53760306744471,56.600111888473116,56.642827448305106,64.46170300854574,66.34600841761332,65.19162183541854,62.90736120890859,62.54365077963952,63.0592882672076,63.33369044607502,63.08569683431403,62.39201874704003,2.1945470967283995,64.4470890970958,65.81282634550901,61.097834973259346,50.83114227552259,41.22984068752714,34.588221695601156,30.442256668029888,27.860949001843128,26.160162499352477,4153.427293089004,4331.328111584125,3732.945438419633,2583.80502503442,1699.8997631188683,1196.3450800640544,926.7309910422101,776.2324792833036,684.3541019925276,5.0,False
30,28778.50311791383,3.7359523809523814,28778.50311791383,0.10009855929188768,2.0,11.0,0.0,47.0,0.005555555555555556,0.07142857142857142,0.14285714285714285,0.21428571428571427,0.2857142857142857,0.35714285714285715,0.42857142857142855,0.5,0.5714285714285714,0.6428571428571429,0.7142857142857143,0.6313247675185967,0.7760762469936234,126.24680261220406,10.266594520646432,6.408755946883855,16.826789811460944,17.467789904764178,7.44335183250863,0.9873998431219396,8.333333333333334,0.0,0.0,0.0,0.0,0.0,7.0,0.0,0.0,0.0,0.0,0.0,46.5,1.529488592953796,1.2225856443736907,0.2099953649904564,0.45371332046240515,0.2099953649904564,0.45371332046240515,0.3182465101551273,0.32655193186684844,0.22525319855733983,0.03498763551512574,0.22525319855733977,0.32655193186684844,0.3182465101551273,-21.020177232142892,-30.837142310126307,48.99017434651554,32.23480373470017,83.32334782073639,-83.17380927684442,11.227451997881342,22.82537979079371,73.86062139884307,25.401465226585202,37.133735917369926,30.72056081716999,126.42857142857143,0.07149728682637974,50.0,28.57823129251701,28.57823129251701,18.57875457875458,4.076923076923077,16.083333333333332,16.083333333333332,2.25,0.0,8.333333333333334,0.0,1.0,0.0,126.42857142857143,1.0,35.71428571428571,45.338806397668584,247.8755055983084,1.339240327960282,6.147985347985349,15.061730050180566,-0.8350679216429746,-1852.2056266680688,0.5443611855612855,2.1993378674316473,1.0,50.0,0.0,0.8405662866168134,-0.005111110259907134,16.876621102253765,0.09564936960512738,35.197898541769156,241.52380952380955,221373.10090702947,1238.8920617566753,2.2662161513372454,11.305462366582077,25.06549156242401,41.09240126747327,52.8863497316908,59.831025277831955,63.37499583651333,64.82318911312802,65.03332363945623,22.756119777618053,45.035969653405246,63.687360284011405,71.35924275113148,75.41766106692603,77.53659163109624,78.15110191441781,77.72069051314135,76.6417060264949,2.1368539797978325,22.6429956429956,43.593865202574484,58.54742515840918,58.340004148850326,53.766696131183465,49.31705035756718,45.72969093662931,42.877265386719095,40.55388907438362,512.7052516887178,1900.4250833002347,3427.8009926795244,3403.556084087873,2890.857612863019,2432.1714559708175,2091.2046331596366,1838.4598870431396,1644.617919057411,1.0,True
31,185599.37353467155,9.712673881673883,185599.37353467158,0.08338285800526901,2.0,11.0,0.0,146.66666666666666,0.012765957446808508,0.07142857142857142,0.14285714285714285,0.21428571428571427,0.2857142857142857,0.35714285714285715,0.42857142857142855,0.5,0.5714285714285714,0.6428571428571429,0.7142857142857143,0.9107950720287574,0.009514440229174997,93.12408679756125,597.5763263793855,17.282223022677922,160.03308838143147,19.886096899351017,0.822889466320501,14.87327784324454,16.666666666666668,0.0,0.0,0.0,0.0,0.0,3.0,0.0,0.0,0.0,0.0,0.0,110.82142857142857,-0.6743646471754436,0.15877698980203533,0.5841014843118236,0.4213347406929292,0.5841014843118236,0.4213347406929292,0.7417279449368877,0.3811237850485499,0.7975446666197468,0.12402015371912867,0.7975446666197465,0.3811237850485499,0.7417279449368877,20.754423762643953,-67.43309459754549,100.62200548732665,19.56516399639427,-66.60589214961703,-19.50732874579858,-131.69436746307971,-62.81560957604807,112.99078644934582,335.3054244032375,-159.90439401614995,132.8481430107684,246.83333333333334,0.07060803144594907,41.66666666666667,79.33457534528964,70.64849662808847,59.297435897435896,16.525641025641026,50.61742424242424,44.33170995670996,42.24675324675325,-7.0,16.666666666666668,0.0,2.0,0.0,246.83333333333334,2.0,21.428571428571427,115.13947242201259,772.1101895417058,0.9157025410690706,5.896500166500166,14.851654763437988,-1.2745172658314932,-4625.200418728149,0.5669210767478637,2.2048659036395546,2.0,41.66666666666667,0.0,0.7024375390198092,-0.005219148978803319,15.85052886828839,0.5377236541266206,83.44533099222485,770.8666666666667,1427687.4887282427,6963.123264401962,4.34722523874793,11.277946093375704,46.299803278832215,100.40882542274063,142.9359199656336,169.21644172432693,183.6353743999696,190.5747306263235,192.9977465177382,89.07876294648854,115.05143828411784,104.44176651913298,130.33940456075786,160.81821163126332,181.3932134274607,192.80498765646624,198.00265308914655,199.33034702394357,2.1353758235700555,88.97262298482771,114.49734225369201,93.61843199914495,83.10492258872817,73.70088178479133,65.33983262679648,58.75212791204304,53.72450722943089,49.84432850145199,7916.127640800291,13109.641383159087,8764.410809978526,6906.428158478501,5431.819975855788,4269.293727697778,3451.8125341930677,2886.322677045172,2484.457083760659,4.0,False
32,292911.50694444444,9.419166666666666,292911.50694444444,0.048318856825761536,0.0,0.0,0.0,0.0,inf,0.07142857142857142,0.14285714285714285,0.21428571428571427,0.2857142857142857,0.35714285714285715,0.42857142857142855,0.5,0.5714285714285714,0.6428571428571429,0.7142857142857143,0.4647704321725439,12.174204928778513,401.044238393869,49.3733496130873,402.1292380221763,385.56346135510273,93.29038684752008,491.0291552876394,779.4437556010079,8.333333333333334,0.0,0.0,0.0,0.0,0.0,9.0,0.0,0.0,0.0,0.0,0.0,78.0,3.65142381914481,0.8946144251020134,0.16335619060533563,0.05379468835872789,0.16335619060533568,0.05379468835872789,0.25316838836027844,0.16627206126790295,0.2558189871221848,0.08560050673265891,0.25581898712218487,0.16627206126790295,0.25316838836027833,-60.17867912755961,0.6205800315493615,94.47344020716758,121.03430188847757,-32.454647212859584,188.755575850378,-13.257266347605489,71.07174720013626,18.378551631593897,-40.12640479536585,76.13845300835312,48.49878271493157,460.25,0.04829917352311366,50.0,67.2797619047619,90.39965986394559,144.9102564102564,0.0,0.0,0.0,90.66666666666667,0.0,16.666666666666668,0.0,4.0,0.0,460.25,5.0,42.85714285714286,144.64525742668422,1886.8850466023314,2.1641429346080483,-5.122893772893775,21.292254537551173,-0.4762480043785654,-3296.7083333333344,0.8529240958059872,1.6504378274208942,1.0,50.0,0.0,0.27243418378750694,-0.001906840523545111,18.24729189683529,0.11324627425527922,128.04563301444642,1883.8333333333333,2253165.438034188,16395.684134070292,0.23045981082666142,13.457805009779069,57.86897979896715,108.9145722293413,144.92502808950047,165.73774914219237,176.32208483491203,180.72122621961583,181.5023006802316,109.44283540125848,98.07557903371686,122.21735500608673,149.59302044157866,170.68885346745432,183.5336137456167,189.77389799476143,191.63993146283377,190.8310027644886,2.152492941328869,109.44259275502637,97.14785992042032,107.6487948920496,102.54602732887402,90.17439177112087,78.83898708002884,70.17588445895217,63.762855368608335,58.93544318899354,11977.68110894255,9437.706687117608,11588.263041710563,10515.687720934176,8131.420931291592,6215.585883804954,4924.654759596204,4065.701724758065,3473.386463883085,10.0,False
33,32262134.0,66.76500000000001,32262134.0,0.04591496923297139,2.0,11.0,0.0,96.0,0.03125,0.07142857142857142,0.14285714285714285,0.21428571428571427,0.2857142857142857,0.35714285714285715,0.42857142857142855,0.5,0.5714285714285714,0.6428571428571429,0.7142857142857143,0.5938034053704262,4408.2189423959335,23462.4803763109,49401.17688944362,23276.658740222592,37897.45080188488,30398.74761339038,43018.886483288894,18647.666654514203,16.666666666666668,0.0,0.0,0.0,0.0,0.0,7.0,0.0,0.0,0.0,0.0,0.0,74.0,2.8476607318170855,0.0,0.0,0.0,0.0,0.0,0.0,0.0,0.0,0.0,0.0,0.0,0.0,-64.37718541212287,-40.90328463096275,101.48132228959936,140.46333364210759,-54.623803060458684,-15.119299730481732,-52.076455663214496,84.19512817947017,505.97578634262896,17.06824547110615,102.25901864493483,93.22412527822885,4586.0,0.044260525611429305,50.0,596.0,961.2857142857143,1025.6153846153845,-256.53846153846155,1.0,1.0,88.0,0.0,25.0,0.0,3.0,0.0,4586.0,4.0,42.85714285714286,1518.0375959959433,13335.784894130344,2.1474756542018176,-83.7318681318682,24.733631505024224,-0.41403083178278094,-18931.34221186752,0.6748197861495894,1.6313071439270825,2.0,50.0,0.0,0.027262835932568747,-0.00013698951170182646,18.452940092848465,0.6965040268107422,1396.1454590611763,13333.0,248170261.53846154,1949222.142857143,136.95344103001926,162.19810530791528,408.2355047311226,800.7303141229314,1104.4917878715737,1288.9192104694393,1387.7300431588035,1433.1773481536727,1446.7235821061472,1412.3828688530398,1515.4452349894236,1127.8330877227304,1066.5282775601079,1219.113299255452,1356.7639574570223,1440.3289347353668,1480.8239262924708,1492.9082772134186,2.1851722117061985,1405.7272577636031,1506.7402015233656,1051.3568597004128,704.4952312684043,516.0766677013866,423.66933466711737,385.6848033697741,372.61533706955174,368.4643824717604,1976069.1232195797,2270266.0348866726,1105351.2464391135,496313.5308799224,266335.1269457674,179495.7051372779,148752.7675503813,138842.18941945568,135766.00115029575,9.0,True
34,530577.6944444445,15.366666666666667,530577.6944444445,0.08252295179096454,2.0,11.0,0.0,151.0,0.015151515151515152,0.07142857142857142,0.14285714285714285,0.21428571428571427,0.2857142857142857,0.35714285714285715,0.42857142857142855,0.5,0.5714285714285714,0.6428571428571429,0.7142857142857143,0.7821952376742991,1.531209967964781,881.0346012516613,563.9824633736727,4.8376870856555625,954.8035320949565,900.0335109311976,508.15570696703395,126.6578450611473,8.333333333333334,0.0,0.0,0.0,0.0,0.0,5.0,0.0,0.0,0.0,0.0,0.0,131.375,0.9207628857178687,0.4534094493140266,0.011030065970388617,0.8766668621353647,0.011030065970388636,0.8766668621353647,0.40103737221814095,0.17815337212315235,0.11137836931117957,0.10011632114443217,0.11137836931117959,0.17815337212315235,0.40103737221814095,-55.14701139319389,39.679732527494636,22.82262119324264,137.72977804886054,158.02529496700797,-151.0249436587913,-189.32192628681233,2.0192102624551413,287.7801277811644,139.2449575557616,-71.23182519062951,44.43267260522368,517.0,0.05290329270610088,50.0,115.15476190476191,123.19727891156465,148.2051282051282,-11.615384615384615,59.83333333333333,59.83333333333333,68.0,0.0,16.666666666666668,0.0,2.0,0.0,517.0,3.0,35.71428571428571,194.67513129835498,1929.8464587566164,1.4854061683704995,3.2677655677655677,19.92451503911747,-0.7208395799179973,-5583.494416773154,0.8161023976929987,1.548636414532021,1.0,50.0,0.0,0.32810207018417814,-0.0026102494084538712,18.49875600125773,0.18808777102268637,156.96428752008956,1926.6666666666667,4081366.8803418805,24637.787556689345,7.560584854286257,40.54763976987165,104.90355149114926,179.7555236134335,233.82707549203502,265.33803755242246,281.3287212522084,287.84707682500226,288.8021950910048,142.36022696473034,173.66545389518515,204.7207637267741,234.9396172337135,266.6178270512512,288.12076755014743,299.29075453788624,303.2126275182541,302.60249807067703,2.1516925854660043,142.15931829504063,168.86556423887436,175.8005574092911,151.27648685894377,128.1013835537033,112.29115068212336,102.12299618819692,95.29930665972753,90.34137451484396,20209.271778110673,28515.578785713406,30905.835985417452,22884.57547638419,16409.964468373004,12609.302521515332,10429.106350454484,9081.957849824788,8161.5639492312985,3.0,True
35,4396963.0,13.065000000000008,4396963.0,0.12955779705219264,2.0,11.0,0.0,3.0,0.125,0.07142857142857142,0.14285714285714285,0.21428571428571427,0.2857142857142857,0.35714285714285715,0.42857142857142855,0.5,0.5714285714285714,0.6428571428571429,0.7142857142857143,0.4647704321725439,225.559686941388,4878.759406627247,3365.5736584898054,2735.2133688300532,2859.5392343750327,2684.387490079863,2031.2109470675264,828.2461189739191,8.333333333333334,0.0,0.0,0.0,0.0,0.0,9.0,0.0,0.0,0.0,0.0,0.0,2.75,8.91210762878401,0.5985698529169088,0.08994011234836122,0.78800556374456,0.0899401123483612,0.78800556374456,0.5123789042841213,0.2406259957200152,0.107403164167802,0.07381509784806228,0.10740316416780199,0.2406259957200152,0.5123789042841211,4.201217705891058,-0.7378065033049752,56.56092466507866,-25.67382112648318,-2.7719022860801577,-0.594519906260014,-4.748025356048435,1.0204922627892001,-6.86964457492189,5.9509467362000965,-17.564697183720114,-39.70938037022072,2089.0,0.006969741604343042,50.0,167.92857142857142,274.43877551020404,180.23076923076923,160.69230769230768,0.0,0.0,0.0,0.0,25.0,0.0,0.0,0.0,2089.0,1.0,7.142857142857142,560.4184023694135,2350.4104761996678,3.2890295866840766,60.2835164835165,24.2446909712451,-0.04188799834028014,-8805.020450173799,0.9188491174882562,1.7307708536256179,1.0,50.0,0.0,0.03847942122091064,-0.000388444643359665,16.7474953085472,0.0010973237618612242,534.6669810379587,2343.0,33822792.307692304,285868.7806122449,5.610728387133122,12.336043714541672,51.33734351419771,123.39818062844436,184.08126287420876,223.1751662470495,245.529073195523,257.00842387764305,261.7814453163056,404.51409327569394,422.66671486155474,420.9873660433111,387.73805973653634,362.98512001587346,356.4383736750944,357.0786486574653,357.9124188673647,356.8597966513247,2.1926932930236154,404.47518018491894,422.4866552653844,417.84547326612267,367.57814405353815,312.84546666297484,277.9229378780168,259.2694265485019,249.09429868107716,242.52708993869302,163600.17138562264,178494.97387733174,174594.83952899004,135113.69198584364,97872.28601157451,77241.15939874799,67220.63554278902,62047.96963541768,58819.3893541309,3.0,True
36,106213.0,5.140000000000001,106213.0,0.03879609840603316,2.0,11.0,0.0,84.0,inf,0.07142857142857142,0.14285714285714285,0.21428571428571427,0.2857142857142857,0.35714285714285715,0.42857142857142855,0.5,0.5714285714285714,0.6428571428571429,0.7142857142857143,0.37678366460774576,17.460185398753627,28.771120864772193,183.32717157143907,136.7604150787,38.16343920462302,90.0414005009103,201.7633152513286,2.2579512599157803,16.666666666666668,0.0,0.0,0.0,0.0,0.0,10.0,0.0,0.0,0.0,0.0,0.0,63.0,0.4380637046395699,0.8465300141581698,0.10352806599300148,0.5646980181532286,0.10352806599300146,0.5646980181532286,0.11597607435154522,0.24382298878330255,0.24291625579943169,0.7787432975025497,0.2429162557994317,0.24382298878330255,0.11597607435154517,-40.00783506020854,-55.14739528758774,11.163015309560707,209.13011068775953,-39.29961690956697,-70.70597399920773,292.2687576700074,57.86508635312367,52.45694591334303,46.162667256576434,139.6381979743965,-75.41302358265852,216.0,0.031225932289332785,50.0,43.642857142857146,62.346938775510196,62.15384615384615,-2.0,0.0,0.0,0.0,0.0,16.666666666666668,0.0,0.0,0.0,216.0,2.0,42.85714285714286,87.10133671272133,816.0185636613161,1.4247822315018857,-6.07692307692308,21.248808601109076,-0.47104377020757077,-2206.808496141067,0.8812733976817796,1.7702220266093809,1.0,50.0,0.0,0.32444401736924955,-0.0019291841480010468,17.82388923759802,0.20276132145963333,75.37866991099683,808.0,817023.0769230769,5681.943877551019,7.6993564269830435,15.790313908062412,28.877822973324616,53.16956815680139,73.63213295167279,86.67863198184605,93.97210910437973,97.54054460380543,98.82512473441932,85.76723741643767,76.45773216193278,50.241673683034655,67.22675776187317,83.82185340499933,94.26266024711023,99.99726113114633,102.62980829677703,103.32306780321642,2.1639059197424384,85.42095132142852,74.8094298469832,41.113223113663345,41.139202486105965,40.05511334694213,37.04408015618459,34.1861806027702,31.91738882531343,30.153790167979196,7296.7389246578605,5596.450794030701,1690.2971147938622,1692.433981192827,1604.4121052363812,1372.2638746178293,1168.6949442052216,1018.7197094262426,909.2510614945189,4.0,False
37,176649.5625,8.617500000000001,176649.5625,0.01841604122285896,2.0,11.0,0.0,110.5,0.004807692307692308,0.07142857142857142,0.14285714285714285,0.21428571428571427,0.2857142857142857,0.35714285714285715,0.42857142857142855,0.5,0.5714285714285714,0.6428571428571429,0.7142857142857143,0.7821952376742991,48.402492222295216,80.9852226071654,84.06059342479286,36.89679716436773,134.50344995099752,0.30579006713662343,85.56568241218201,11.501728796433602,8.333333333333334,0.0,0.0,0.0,0.0,0.0,5.0,0.0,0.0,0.0,0.0,0.0,107.375,1.3461967355810973,0.26673635788844585,0.9562250854998473,0.07494498674071165,0.9562250854998473,0.07494498674071166,0.5404516272751909,1.2784484171158126,0.649877319047636,0.4024522942751311,0.649877319047636,1.2784484171158126,0.5404516272751909,-25.724319949763213,-30.396765744892797,163.60820609735535,-138.53456625737618,-26.578137330726122,156.52618828173559,-141.05410333444814,-25.63277952315406,44.68984789764076,243.53942947098696,68.92910035397344,27.1671097797272,307.0,0.017560610688706586,50.0,72.51785714285714,67.66581632653059,68.0,-23.615384615384617,51.5,51.5,57.25,-52.0,16.666666666666668,0.0,2.0,0.0,307.0,3.0,50.0,112.32909637692784,886.0974866172332,1.3843933515868336,-14.592857142857147,17.318191207930916,-0.8400154091215243,-4181.227204571939,0.8566837979631593,1.911919238435981,1.0,50.0,0.0,0.48674183282660594,-0.003950644521635526,16.648471431168794,0.09663927635434055,85.78453408549413,884.0,1358842.7884615385,7358.986288265305,16.138776677446792,33.67932299547803,64.79132166219982,104.05936651628971,133.23250634905486,150.4246813664415,159.17611525013064,162.72052327506012,163.18920809311086,83.60858205181613,95.75855171223355,116.41767278943905,135.79413243859716,154.79241392238984,167.58016882409146,174.26454518906672,176.67811477866462,176.41633341638737,2.1430276847124383,82.0361803113161,89.64041180511596,96.72207180873582,87.24502647704197,78.80222496776042,73.86154763417524,70.93021953884966,68.82722969024412,67.0224220543045,6729.934880070768,8035.403428590772,9355.15917497425,7611.694644979754,6209.790659869525,5455.528218915539,5031.096043829409,4737.187546833623,4492.005058025323,5.0,True
38,104981.0,3.2650000000000006,104981.0,0.0400039054686086,2.0,11.0,0.0,0.0,inf,0.07142857142857142,0.14285714285714285,0.21428571428571427,0.2857142857142857,0.35714285714285715,0.42857142857142855,0.5,0.5714285714285714,0.6428571428571429,0.7142857142857143,0.28608577375653055,1.4399249983600904,169.505082972342,147.52891696925897,198.81739695784952,191.4264467685321,168.5049887272109,175.54262539672433,93.03195530404093,16.666666666666668,0.0,0.0,0.0,0.0,0.0,11.0,0.0,0.0,0.0,1.0,0.0,0.0,9.07587386737941,3.2134873495827834,2.0844237425248355,0.6920157153841845,2.084423742524836,0.6920157153841845,0.1781481184023182,0.4288080866066289,0.478316953477292,0.26828811106952966,0.47831695347729186,0.4288080866066289,0.17814811840231828,-56.28196637116626,-43.41311853666319,139.69782309579568,142.69051174841772,-20.04294616820041,6.836485426280776,32.68139508670041,57.665590590341935,79.8776294450978,106.87014612522526,120.44785848453981,133.42281840184015,324.0,0.021543366075248163,50.0,23.357142857142858,42.94897959183674,50.07692307692308,0.07692307692307693,0.0,0.0,0.0,0.0,25.0,0.0,0.0,0.0,324.0,2.0,42.85714285714286,86.59470455601114,660.6533679522757,3.3279441594650314,-3.4835164835164845,24.97381523720812,-0.004807928893519346,-1141.6431752121875,0.9207628469970652,1.7496860384432031,2.0,50.0,0.0,8.62753714946406e-05,-1.3466449435822747e-05,16.674148841587876,4.5177830569120836e-05,83.38517095199768,651.0,807546.1538461539,6953.0867346938785,0.08231729394781852,3.289085848892078,19.850462223979843,38.45229442117231,51.21150147406136,58.44959392439433,62.065312239674675,63.520980694551845,63.725448250671015,86.06570341179528,86.28050490981443,81.32433805377805,75.8495512948988,73.37688245543137,72.69394142536257,72.30239161313632,71.64022517125953,70.64457170978395,2.195107929743595,86.06566404571703,86.21779074977002,78.86448572950643,65.380237728116,52.55044239252802,43.22099131241032,37.08817668167332,33.12713199465264,30.49135545215819,7407.298527630229,7433.507441771129,6219.6071093795235,4274.575485384963,2761.5489956504057,1868.0540900274484,1375.5328495710164,1097.4068741911387,929.722757309857,3.0,True
39,17574.777777777777,1.0816666666666672,17574.777777777777,0.12157201292255948,2.0,11.0,0.0,0.0,inf,0.07142857142857142,0.14285714285714285,0.21428571428571427,0.2857142857142857,0.35714285714285715,0.42857142857142855,0.5,0.5714285714285714,0.6428571428571429,0.7142857142857143,0.19292394233698318,0.6071867166994624,4.165169082727347,30.574761618718938,2.203445308747435,24.582623862653623,1.1999149694187485,23.999063751695513,0.6340976669933356,16.666666666666668,0.0,0.0,0.0,0.0,0.0,12.0,0.0,0.0,0.0,0.0,0.0,0.0,6.312820616535268,0.2576084825748749,0.631422245111102,0.7152475618474616,0.6314222451111019,0.7152475618474616,0.1446689968906955,0.43911247868014064,0.22265502803892445,0.9254272117893848,0.2226550280389244,0.43911247868014064,0.14466899689069546,-2.782760976353787,7.025279740678705,-23.12870566496424,-10.725415974476395,-9.31236967623409,20.282388040536148,-42.81695938527226,-172.0837158575207,261.99908586471366,-23.211433020121657,14.990712618794184,16.452419376557085,124.33333333333333,0.008559151017317556,50.0,12.166666666666666,20.857142857142858,16.64102564102564,9.564102564102564,0.0,0.0,0.0,0.0,25.0,0.0,0.0,0.0,124.33333333333333,1.0,50.0,35.430795501107085,226.35909127864034,2.7688118977255476,3.451282051282052,25.0,-0.18909740840035744,-458.1666666666665,0.8025415165669936,1.7147030667304148,2.0,50.0,0.0,8.509381018950076e-17,0.0,17.48332654518026,0.240799630784015,33.276320290312924,216.33333333333331,135190.59829059828,1107.3134920634918,0.0001026499241478161,0.13160883583438882,3.5193386369884827,10.142574074019636,15.773686802049545,19.42954061755575,21.543604782489883,22.652144094410236,23.138164187590714,26.367956982899816,27.53082933728995,19.75197353473663,18.667690973758866,21.460910367009063,24.08108136457202,25.767894019819877,26.664860690872494,27.018786864953906,2.182918651766717,26.36795698270001,27.530514762955583,19.435912998239534,15.67197745802306,14.55202660977656,14.226434236233937,14.137095005429801,14.067521586609082,13.951351249319915,695.2691554415184,757.9292431133152,377.7547140751364,245.61087744478291,211.76147845164505,202.39143107788905,199.85745519254823,197.8951635897125,194.64020168190035,3.0,False
40,785332.0134999362,20.44878418803419,785332.0134999361,0.10599034265258984,2.0,11.0,0.0,315.5,0.0008624407072013799,0.07142857142857142,0.14285714285714285,0.21428571428571427,0.2857142857142857,0.35714285714285715,0.42857142857142855,0.5,0.5714285714285714,0.6428571428571429,0.7142857142857143,0.6313247675185967,18.262438798628857,3539.0962938695943,111.14358738684267,172.30698457804934,380.0016806365203,125.06407810705261,11.417853627999209,56.48102384240062,8.333333333333334,0.0,0.0,0.0,0.0,0.0,7.0,0.0,0.0,0.0,0.0,0.0,309.09375,-1.131132855573956,0.22451269386238407,0.1421805693219555,0.9170253537097843,0.14218056932195547,0.9170253537097843,0.6444897060315636,0.08978743175936084,0.5359232820500839,0.6857921920962675,0.535923282050084,0.08978743175936084,0.6444897060315635,-14.418380441952047,-41.53029938558757,48.26199044735936,-130.57210104475777,158.9957709620314,172.8704565840935,-172.66935238222217,7.972273915383553,-221.41856696186954,75.4790494814781,56.81352395575006,31.610574570670675,511.6923076923077,0.055499472848713156,41.66666666666667,158.48734737484736,158.48734737484736,74.77103879026957,26.76068376068376,87.0,87.0,14.666666666666657,0.0,8.333333333333334,0.0,2.0,0.0,511.6923076923077,2.0,28.571428571428566,236.84413402367392,978.0886545182534,0.5471676001084403,37.50013477975017,12.02143476377078,-1.0406759981235998,-11260.395823842588,0.45621540794305593,3.067340166097603,2.0,41.66666666666667,0.0,1.12387189742885,-0.0066746906929178815,14.375740336407876,0.066725915751642,176.00256970711666,972.0235042735044,6041015.488461047,30976.904543508463,21.67887226422092,65.12402230787866,129.3693628983495,213.46414375440077,277.4500444888852,315.80490498540905,335.7696523095107,344.27838267870186,345.96642665755854,108.4102158814049,220.2677171935049,323.2572703552509,371.94219784592786,399.02915351461013,413.6215974079602,418.82329983646343,417.65759397361677,412.57211390705976,2.134383202905209,106.22053193617705,210.42036250344398,296.24116996258795,304.5883416509238,286.7851777336164,267.11437218814996,250.3431586320153,236.4535071086233,224.7731763345887,11282.801404804408,44276.72895608078,87758.83078080292,92774.05786965988,82245.73816770196,71350.08782946948,62671.697073854375,55910.26102396778,50522.9807995401,1.0,False
41,367447.02777777775,6.091666666666663,367447.02777777775,0.10999975506673562,0.0,0.0,0.0,0.0,inf,0.07142857142857142,0.14285714285714285,0.21428571428571427,0.2857142857142857,0.35714285714285715,0.42857142857142855,0.5,0.5714285714285714,0.6428571428571429,0.7142857142857143,0.19292394233698318,5.091994274844689,674.3014995026093,515.8190199306704,566.041844917374,672.9503548835553,664.0671259660415,614.281637296159,299.83427691368956,8.333333333333334,0.0,0.0,0.0,0.0,0.0,12.0,0.0,0.0,0.0,0.0,0.0,0.0,9.076345341949871,2.3089662454970625,0.7312040084049882,1.2556631152232955,0.731204008404988,1.2556631152232955,1.26916286098769,0.5922412626976028,0.25608899843694877,0.6355749921862024,0.25608899843694866,0.5922412626976028,1.2691628609876897,-55.83976260142772,-43.22114287388231,138.12871388120294,140.96329704392343,-19.761705506576106,7.348722258670849,33.22773398605978,58.70364625522598,80.2434366771555,102.98561784490457,119.27709426939022,131.56328002213579,606.1666666666666,0.014915262457704657,50.0,43.51190476190476,80.37925170068027,93.25641025641025,0.0,0.0,0.0,0.0,0.0,25.0,0.0,0.0,0.0,606.1666666666666,1.0,42.85714285714286,162.00684019460803,1222.4972648062967,3.3280596530203472,12.03626373626374,24.943517181197606,-0.0012295468322945785,-2151.876756433404,0.9999886085033096,1.750355511789325,0.0,50.0,0.0,0.004483250951070362,-2.9048306812660155e-05,16.664191464997813,1.670979541401607e-07,156.0542547123666,1212.3333333333333,2826515.598290598,24352.930413832197,9.620747877752569,33.397347854102506,45.245635032940136,62.151793316824424,75.77954929444263,84.01495007841156,88.17667683573016,89.75600067152807,89.79210486028299,157.74173593204608,150.00876407486314,147.5033141322695,137.58559718655556,128.93689260472655,123.97165698290972,120.92558430290308,118.44664078358223,116.01114998982709,2.1953049108577054,157.44807545704737,146.24379116933486,140.39252184667444,122.74750971275898,104.31769832245115,91.16172386703884,82.75186161776502,77.28820774456878,73.45723127590709,24789.89646512808,21387.246455580025,19710.06019046896,15066.951140683861,10882.182183293928,8310.45989841024,6847.870601205731,5973.467056367621,5395.964826722104,2.0,True
42,491488.9211914395,19.49555161505162,491488.92119143956,0.08101441501615493,2.0,11.0,0.0,214.0,0.0032867015000842743,0.07142857142857142,0.14285714285714285,0.21428571428571427,0.2857142857142857,0.35714285714285715,0.42857142857142855,0.5,0.5714285714285714,0.6428571428571429,0.7142857142857143,0.9107950720287574,24.83050943381822,312.47934749566554,129.48222275936982,719.689674988392,228.2413630288265,217.25423753162298,9.1569722247586,96.63994733097961,8.333333333333334,0.0,0.0,0.0,0.0,0.0,3.0,0.0,0.0,0.0,0.0,0.0,137.33690476190478,0.30888347193869015,0.4523152609622714,0.33430955734311857,0.026977963251033778,0.33430955734311857,0.026977963251033778,0.01488979693458764,0.26560903634825644,0.48657431907395177,0.6407778831014587,0.4865743190739518,0.26560903634825644,0.014889796934587621,-22.670979548601835,-90.55718031034151,41.45406667891212,15.119170053025092,-3.5510672289027423,68.28868386120622,75.09062187870232,397.2368825876681,-187.79154719159874,-29.529319454148872,-29.43590682355605,96.06483433053441,431.25,0.03037766978645561,41.66666666666667,147.67926478283624,92.68570120355834,101.73556443556443,18.146853146853147,142.8346153846154,75.3,66.73809523809521,0.0,8.333333333333334,0.0,3.0,0.0,431.25,3.0,42.857142857142854,187.3668901211584,1324.6743412644196,0.6887905165074868,13.277288023331979,13.03971307986145,-1.6152312173595111,-8675.835551526197,0.7602930300412708,2.1963984886133634,1.0,41.66666666666667,0.0,0.7441215525888895,-0.006151004701785538,14.934160415418633,0.1802084272009673,115.3134262212133,1322.5623376623375,3780684.009164919,13297.186266875204,5.948908994803026,38.699306714898455,121.98529484120984,218.8395409738068,288.98245253025084,330.15991117588135,351.3512131951134,360.3014140345387,362.0324519478387,122.2317953810311,113.3383679339218,170.79079535462284,257.2673298389027,320.1373181614866,356.58679176116516,374.6256124226966,381.35081854066345,381.4227271199073,2.09868012250553,122.0869455914178,106.5267539433698,119.5369550405554,135.2617252174919,137.75719440098285,134.71664006667754,129.98720886842062,124.94533943427409,120.06581736790497,14905.222283841811,11347.949305711252,14289.08362036776,18295.734308812283,18977.04460923018,18148.573110854748,16896.674469402413,15611.337846345967,14415.80050022311,1.0,True
43,256600.25,7.504999999999997,256600.25,0.08223008356383128,0.0,0.0,0.0,0.0,inf,0.07142857142857142,0.14285714285714285,0.21428571428571427,0.2857142857142857,0.35714285714285715,0.42857142857142855,0.5,0.5714285714285714,0.6428571428571429,0.7142857142857143,0.28608577375653055,7.7288884285323505,418.7609591569998,296.4220437752036,240.83728731028884,232.07610527904293,284.5214142382031,526.2660007828711,494.83591401651057,8.333333333333334,0.0,0.0,0.0,0.0,0.0,11.0,0.0,0.0,0.0,0.0,0.0,0.0,4.777717679356921,2.1294949973823067,0.37186948058985225,0.3482593695876174,0.37186948058985236,0.3482593695876174,0.3701084825426294,0.8842219044353878,1.3571392447632462,0.07507262701352341,1.3571392447632462,0.8842219044353878,0.3701084825426295,-58.32929343677503,18.95547778247182,102.93252134307257,106.54799081051658,-34.02946719352503,27.071551495961284,11.633556565678498,66.09193526176567,46.5899751742464,56.78224905558141,88.58379026303416,98.49101569539722,452.5,0.0617363096161379,50.0,53.607142857142854,84.23979591836735,115.46153846153847,0.0,0.0,0.0,0.0,0.0,16.666666666666668,0.0,1.0,0.0,452.5,3.0,42.85714285714286,135.38312038697543,1508.0183350893547,2.440346528152111,5.247252747252749,22.757047967240375,-0.25594416925541874,-2626.75,0.8785375020134282,1.5903287919746811,0.0,50.0,0.0,0.19616006344976503,-0.001153518188276375,18.20494468100648,0.029736129123065225,124.31759135539976,1501.0,1973848.0769230768,15454.863520408166,0.3309097991501123,14.506752009698966,50.13041958730964,88.48130297431976,114.93123718210373,129.94035995238642,137.36467031136164,140.24476027550327,140.48947763638552,101.92553367096005,119.93160980289615,132.05554538220312,141.20475478151886,148.9981143950442,154.01280123584087,156.04471024693837,155.817543743817,154.12482098688432,2.177948692493159,101.92499650632732,119.05101921463431,122.17040598357438,110.04472634740617,94.82219578278969,82.67675489492117,74.03309358862339,67.90076695901848,63.38112587903971,10388.704912814837,14173.145176043228,14925.60809819139,12109.84179687551,8991.248813069698,6835.445799954873,5480.898946301869,4610.514153622936,4017.1671176946766,6.0,True
44,64750.11111111111,4.648333333333333,64750.11111111111,0.07486928379359281,2.0,11.0,0.0,47.0,0.005514705882352941,0.07142857142857142,0.14285714285714285,0.21428571428571427,0.2857142857142857,0.35714285714285715,0.42857142857142855,0.5,0.5714285714285714,0.6428571428571429,0.7142857142857143,0.4647704321725439,0.1915378746615568,31.753937463706514,69.68732904758575,278.09406278541127,7.6722078754679215,72.07088806465659,89.0909412291111,0.19396943569723468,25.0,0.0,0.0,0.0,0.0,0.0,9.0,0.0,0.0,0.0,0.0,0.0,46.583333333333336,1.1496571441460501,0.5820740750180489,0.08503549033251546,0.10281864885718892,0.08503549033251545,0.1028186488571889,0.5687027668541206,0.48155208488985163,0.43732247255715706,0.35844070394350946,0.43732247255715706,0.48155208488985163,0.5687027668541205,-40.47084337126511,-69.39193424417185,62.10945625560792,64.92372048882939,-59.71229850094453,6.236068765782051,448.5755633784563,-51.37819275417331,74.47283719135586,41.14400740109372,61.8865495041762,-64.79193183222701,179.0,0.07755272607173455,50.0,34.88095238095239,44.84693877551022,55.46153846153846,-3.6153846153846154,0.0,0.0,45.333333333333336,0.0,25.0,0.0,0.0,0.0,179.0,2.0,28.57142857142857,68.00741089401902,727.0447013086075,1.6134598666067168,0.5194139194139185,21.231171908176137,-0.5662541912630356,-1665.9735200347898,0.7134992081498376,1.7956811988303474,1.0,50.0,0.0,0.2682341088756382,-0.0019382544472236985,17.67072397159786,0.3417474869038891,58.38087955406007,721.0,498077.77777777775,3408.3270975056694,2.2119116013461784,12.100741920527721,31.39542530874831,54.18904488798328,70.77731635539949,80.49091257984587,85.45016325527656,87.49986626167495,87.837085747047,72.30727486621227,51.18432034420991,41.346899488087274,61.435917297594706,76.30142553813474,84.9375350386909,89.28787571776999,90.97950788856572,91.08633493206632,2.1579120183669915,72.27343526943909,49.73335595022202,26.905266528336007,28.94683658580035,28.504017763803393,27.12190720639777,25.895836534827822,24.920759615922382,24.111548660807383,5223.449445645802,2473.406694071484,723.8933669607978,837.9193483250298,812.4790286792194,735.5978505124513,670.5943498385234,621.0442598345879,581.3667788224824,5.0,True
45,511428.890625,8.123124999999996,511428.890625,0.07747032036375781,2.0,11.0,0.0,9.0,0.0625,0.07142857142857142,0.14285714285714285,0.21428571428571427,0.2857142857142857,0.35714285714285715,0.42857142857142855,0.5,0.5714285714285714,0.6428571428571429,0.7142857142857143,0.4647704321725439,0.20328248000977373,702.4039027564615,1074.6701919354311,825.999834159763,798.4778666886723,832.8249343124533,708.0644223762121,392.37083967574824,16.666666666666668,0.0,0.0,0.0,0.0,0.0,9.0,0.0,0.0,0.0,0.0,0.0,7.75,8.306903172885189,0.8095184740596159,0.7396113508198467,0.7371991062186033,0.7396113508198467,0.7371991062186034,0.588981388478981,0.3803811831357911,0.2071608997151727,0.19793444878110028,0.20716089971517274,0.3803811831357911,0.588981388478981,-53.057016138714104,-48.97082377729918,120.98515349676691,133.20614387025472,-25.237746242748283,-4.802655412594947,24.520102449351473,39.571370537924246,83.81108529124042,222.27517235276142,81.81333647751237,131.99600271997627,703.0,0.056260295180982633,50.0,62.544642857142854,100.64795918367348,118.50961538461539,-9.740384615384615,0.0,0.0,4.0,0.0,25.0,0.0,1.0,0.0,703.0,2.0,42.85714285714286,191.12989050549592,1546.9471597625325,3.1570839071060024,1.1096153846153833,23.605200624107045,-0.11319003528227696,-3338.254193772749,0.9047325146119138,1.7621619660342658,2.0,50.0,0.0,0.05453174442467348,-0.0007173253933163769,16.557299208761535,0.024374234934058103,180.6067625935289,1540.625,3934068.389423077,32618.802694515314,5.199646906824966,12.578545871960786,51.71574898696162,97.87716884850279,130.24903903353405,148.84555987128917,158.24230290037454,162.10290553861333,162.73679187744486,190.12390637414194,201.3471713584879,182.3710321136708,167.28394122937422,166.7605682590394,170.55709484921323,173.311309156944,174.0168484715455,173.03274373313337,2.1936016849947637,190.05279121077868,200.95388425659075,174.8847467932041,135.6612575919684,104.13584856771787,83.274977694419,70.68368591464338,63.28121022790439,58.79682791829345,36120.06344700784,40382.46359781127,30584.674660923112,18403.976811434404,10844.274956918667,6934.72191000598,4996.183454479954,4004.5115679082314,3457.0669732534125,5.0,True
46,6162.25,0.39250000000000035,6162.25,0.13,2.0,11.0,0.0,0.0,inf,0.07142857142857142,0.14285714285714285,0.21428571428571427,0.2857142857142857,0.35714285714285715,0.42857142857142855,0.5,0.5714285714285714,0.6428571428571429,0.7142857142857143,0.09750399798300154,0.35947124768708716,5.478367573405013,4.886079663706841,4.23276620146176,3.78800489635079,3.6398861794906052,3.6775658131926354,1.8593890391556447,8.333333333333334,0.0,0.0,0.0,0.0,0.0,13.0,0.0,0.0,0.0,0.0,0.0,0.0,9.076923076923078,0.0,0.0,0.0,0.0,0.0,0.0,0.0,0.0,0.0,0.0,0.0,0.0,-0.21417220678677018,-0.04095086414270828,-0.9687647335118267,-5.25448268090495,-0.3833524565858224,-0.1933474167158621,-0.0862127995108401,0.6595279059672378,0.030126188660491753,3.073736609015536,3.2964400916047674,2.394475756928333,78.5,0.005827912109236479,50.0,5.607142857142857,10.41326530612245,6.038461538461538,6.038461538461538,0.0,0.0,0.0,0.0,25.0,0.0,0.0,0.0,78.5,0.0,21.428571428571427,20.980007490125313,90.50636916836748,3.328201177351375,2.2428571428571438,25.0,0.0,-274.7500000000001,0.9207822211616017,1.7499999999999996,0.0,50.0,0.0,2.946762833744287e-16,0.0,16.666666666666668,0.0,20.216841080280226,78.5,47401.92307692308,408.7206632653061,3.724816199784138e-05,0.04775636492911924,1.2770481494773305,3.680394752591101,5.723733808756037,7.050318667849583,7.817440564370365,8.219691732255177,8.396051873925444,14.7445006225629,14.834338165135415,14.558695430935657,13.507250973929708,12.715825166742203,12.470811900679534,12.45022319306203,12.440123247427971,12.374079267642127,2.1931337023644324,14.74450062251585,14.834261293613576,14.502577725172284,12.996173411347854,11.354782294595413,10.286600806092457,9.689978358056143,9.337737104775103,9.089782761553971,217.40029860737033,220.05530812720193,210.32476067466328,168.90052333782492,128.93108095765746,105.81415614390198,93.89568057959643,87.19333423789374,82.62415065224376,1.0,True
47,1267988.8519249032,10.21991452991453,1267988.8519249032,0.006043458520082723,2.0,11.0,0.0,88.33333333333333,inf,0.07142857142857142,0.14285714285714285,0.21428571428571427,0.2857142857142857,0.35714285714285715,0.42857142857142855,0.5,0.5714285714285714,0.6428571428571429,0.7142857142857143,0.37678366460774576,658.9351218071138,127.86875597682533,477.2247775050888,50.21153685003811,147.5184662883881,44.015419970899366,153.6319802167714,59.6184126540335,16.666666666666668,0.0,0.0,0.0,0.0,0.0,10.0,0.0,0.0,0.0,0.0,0.0,66.25,7.2404281026333965,0.35740024662153325,0.9509448058942637,0.4196550945114644,0.9509448058942637,0.4196550945114644,0.221950994716851,0.10368650977930793,0.18068201059975875,0.8933742763214163,0.18068201059975877,0.10368650977930793,0.22195099471685092,-60.16469061237318,-50.51490671201411,125.06137686097641,122.29667514488557,-37.16085655383153,-8.616993670015818,-1.3462541344090855,53.668766325191726,246.279284566815,134.05210945867043,163.88321124299682,103.99392329766954,1078.0,0.0065926059469247145,50.0,111.4993894993895,164.69858712715856,128.75213675213675,-82.92307692307692,0.0,0.0,0.0,0.0,25.0,0.0,0.0,0.0,1078.0,1.0,50.0,300.9495510552395,1681.8471300858039,2.9282307661756697,-28.536564290410478,24.607397727118624,-0.22901925871909976,-4356.669149707176,0.8513415300966454,1.7154183556763756,2.0,50.0,0.0,0.008533450365513985,-0.00020190974033899406,17.435840017313897,0.1535060622145884,279.5326786291965,1673.7777777777778,9753760.399422333,78138.51842161365,44.207715501312926,47.64603256567812,80.51920198338705,137.36972368471592,182.6993596095658,210.50780449381028,225.38232104462665,232.09631296334038,233.9042890349367,271.9050414420026,291.6428223316709,232.70903961431003,207.87660496164972,220.00479442993966,237.1277628632755,248.82518689145599,254.71314961519374,256.3739139471082,2.1869121083640106,268.28721447682165,287.7245060788755,218.33496108084256,156.02000482363331,122.56856681227285,109.160616376684,105.43615600022999,104.92897643508786,104.95888396710404,71978.0294517321,82785.39139833287,47670.15523017303,24342.241905166564,15023.053570414593,11916.040167737572,11116.782992104834,11010.090095715223,11016.36732362001,3.0,False
48,93545.30917159763,5.142692307692308,93545.30917159763,0.05816395336316868,2.0,11.0,0.0,44.0,0.00819672131147541,0.07142857142857142,0.14285714285714285,0.21428571428571427,0.2857142857142857,0.35714285714285715,0.42857142857142855,0.5,0.5714285714285714,0.6428571428571429,0.7142857142857143,0.4647704321725439,0.0027422531577515653,155.22420499867334,60.61024428799008,222.48188296362295,16.751610207132217,171.7905121449793,225.5160380777802,2.3756784944435916,8.333333333333334,0.0,0.0,0.0,0.0,0.0,9.0,0.0,0.0,0.0,0.0,0.0,40.625,2.3251572235204803,1.2495438592204655,1.6902562888705623,0.16978633463059856,1.6902562888705628,0.1697863346305985,0.26847394939628233,0.6095652418833893,0.044561364592445675,1.1236171637746002,0.04456136459244571,0.6095652418833893,0.26847394939628216,-55.759144986287204,-21.26482128601138,146.95306306235645,98.68010349813531,-1.1842057051539743,-11.7922756094009,-20.361773586011605,-36.58277565756311,-93.76975861859376,86.71469019137746,575.7902095385052,29.52363800485716,240.0,0.0278198456360611,50.0,38.502747252747255,50.64678178963894,62.96449704142012,-3.8106508875739653,0.0,0.0,0.0,0.0,25.0,0.0,1.0,0.0,240.0,2.0,42.857142857142854,81.74232562125486,825.6751858549337,1.9455235666268762,-2.5439560439560465,22.98946053127456,-0.4028218091607031,-1609.219213380368,0.8123641058718167,1.528534314069054,1.0,50.0,0.0,0.15124623093993092,-0.0010339917267730822,18.715799920891453,0.19138718946360733,72.10649243974028,818.5384615384615,719579.3013199818,5199.346251962322,9.964808814481026,18.59299171884489,35.22020444360892,54.77244955111639,69.20963033885887,77.69352113591869,81.9764920547889,83.66477189971768,83.82066826034293,70.77354445859609,82.91398962738131,88.06389272666131,81.5124039041696,80.56072757255046,82.8809684692978,85.03092393019926,86.08956056035618,86.14915248614584,2.189658133527841,70.06851775600593,80.80241540246469,80.71422675788514,60.36763007114737,41.23175833477388,28.861249243774797,22.585676319616116,20.288380429286175,19.894020369717794,4909.597180523719,6529.030334872463,6514.786401123301,3644.250760406896,1700.0578953771953,832.9717079112912,510.11277481446825,411.6183804434422,395.77204647074643,3.0,True
49,8645.87673611111,1.5545833333333332,8645.87673611111,0.07951373336479235,0.0,0.0,0.0,0.0,inf,0.07142857142857142,0.14285714285714285,0.21428571428571427,0.2857142857142857,0.35714285714285715,0.42857142857142855,0.5,0.5714285714285714,0.6428571428571429,0.7142857142857143,0.28608577375653055,0.33162224842274873,21.487588799752057,10.252570210976707,5.7529677258073635,12.508018037074981,20.48904991493491,8.017895153417586,0.3158576985867786,8.333333333333334,0.0,0.0,0.0,0.0,0.0,11.0,0.0,0.0,0.0,0.0,0.0,0.0,1.2557320877096672,0.31983164448555873,0.2560616185187521,0.6243212765044293,0.2560616185187521,0.6243212765044293,0.2620057360248728,0.9997970175841191,0.383075861633948,0.10233422720867487,0.3830758616339481,0.9997970175841191,0.2620057360248727,-40.61552901882361,-28.979009897759386,103.56353622376928,73.02539342974632,132.7817482846676,-93.8842256744994,-10.26220731728581,-60.417135553770684,114.45954238259931,53.58530636222452,110.3389188296375,33.2595270124905,69.33333333333333,0.06558736371057951,50.0,11.104166666666666,17.44940476190476,18.532051282051277,0.0,0.0,0.0,0.0,0.0,16.666666666666668,0.0,1.0,0.0,69.33333333333333,2.0,42.857142857142854,24.850807310989644,248.97227868135113,1.6908643647507668,0.8803113553113553,21.543334682318424,-0.2854838340190129,-610.6039849502617,0.8249114980189488,1.5592501192800754,1.0,50.0,0.0,0.20842185779330377,-0.001777713591950525,17.722896098640792,0.06278278182066965,22.23196137651434,240.91666666666663,66506.74412393161,494.2601066468255,0.00346032832656248,2.0767932676522056,9.024173814821317,17.41436029704037,23.61493734222088,27.323125639431016,29.282744450238123,30.15994261882965,30.3926863789186,20.30091656746117,24.784966253924537,29.89888491935883,31.09932551348646,32.04997177051551,32.85825308490235,33.247281809676075,33.22752029529908,32.91204449448262,2.176056644013823,20.30091627255152,24.697803180275216,28.504519051914492,25.766414240997012,21.668766111936854,18.251345185584608,15.74492379130701,13.944388340956928,12.628827636780052,412.12720150514724,609.9814819316125,812.5076063809563,663.9081028386537,469.535424813823,333.1116010833625,247.90262519406548,194.44596620341554,159.48728747949963,4.0,True
50,617488.8767768595,15.957151515151518,617488.8767768596,0.05686186416281231,2.0,11.0,0.0,115.2,0.007575757575757576,0.07142857142857142,0.14285714285714285,0.21428571428571427,0.2857142857142857,0.35714285714285715,0.42857142857142855,0.5,0.5714285714285714,0.6428571428571429,0.7142857142857143,0.9624786378518297,1.800256773074998,1134.8933355069769,623.3741497178485,502.80638849853085,451.5504707160955,513.2071328896812,920.0820667461105,694.5743977549113,8.333333333333334,0.0,0.0,0.0,0.0,0.0,2.0,0.0,0.0,0.0,0.0,0.0,84.4,6.74479339959443,2.4283729444168274,1.3492191678328231,0.9503564785040611,1.3492191678328231,0.9503564785040611,0.4794300388230773,0.20728886237007,0.163306963325998,0.7249298328035009,0.16330696332599795,0.20728886237007,0.4794300388230773,-50.971489763016464,13.704881609558536,63.232380908877964,65.13728942568842,-18.99453397424417,43.14488533814789,32.09273017547732,121.37981441659902,-0.45402224436233973,14.813948447989738,61.863871191188714,61.66535314592634,709.3333333333334,0.05642191853975816,50.0,119.17121212121212,100.45476190476192,149.95104895104896,-11.181818181818183,74.75,45.6,48.666666666666664,-23.5,16.666666666666668,0.0,3.0,0.0,709.3333333333334,3.0,42.85714285714286,210.0151145541774,1950.5393605356855,2.7636154616126154,-8.507019647019654,19.455546414963848,-0.6390366476577726,-6322.667264792451,0.8869175618956093,1.724339622065814,0.0,50.0,0.0,0.41986275753456687,-0.0028514332723043054,18.054693131339718,0.053594025394847256,172.92938021853118,1949.3636363636365,4749914.436745073,29904.57054276532,7.452472355302106,24.456425656390802,83.6787291697158,171.25105127491034,240.06460278151008,282.61954455226106,305.92237874004405,317.05526315187035,320.8314013755034,147.62171030579879,174.4173638310355,215.2813659827182,255.50875484043823,290.06107396849444,313.78625095651813,326.83032405246934,332.0696671384227,332.245436010949,2.136867056345388,147.43347655604762,172.69423861229774,198.35306103997087,189.6254234994591,162.80176019660288,136.3378316037757,115.01981962372902,98.722965621587,86.33795018145979,21736.630009402645,29823.30004988123,39343.93682392641,35957.80123734921,26504.41312311219,18588.0043264195,13229.558906275159,9746.223941121048,7454.241641536231,1.0,True
51,47177.81664931058,3.899941832114246,47177.81664931058,0.11207868644493868,2.0,11.0,0.0,55.878787878787875,inf,0.07142857142857142,0.14285714285714285,0.21428571428571427,0.2857142857142857,0.35714285714285715,0.42857142857142855,0.5,0.5714285714285714,0.6428571428571429,0.7142857142857143,0.37678366460774576,0.8360898104408703,243.88292650968097,88.2572657501093,21.165846839179896,2.8486494095018076,3.8735385096113224,18.179554138334677,12.18720259469198,8.333333333333334,0.0,0.0,0.0,0.0,0.0,10.0,0.0,0.0,0.0,0.0,0.0,41.90909090909091,-0.3188529037260541,0.0,0.0,0.0,0.0,0.0,0.0,0.0,0.0,0.0,0.0,0.0,0.0,0.07279060509076318,53.3889844226809,76.92987570495086,10.682831598356842,-177.59191536761816,10.312311148820944,88.95791243605804,-83.49560054987519,11.226082189875465,95.17518223947214,-18.048238506439073,20.26746833758587,134.3,0.047907305931711414,50.0,29.85239836791561,42.64628338273659,18.34253945288428,4.298368298368298,0.0,0.0,0.0,0.0,8.333333333333334,0.0,1.0,0.0,134.3,2.0,35.71428571428571,58.05035784884816,247.52095987484321,1.214576502558428,8.819553090587576,13.851468873535136,-0.4725674651034549,-2494.977917848194,0.5440664824417433,3.515094662228135,0.0,50.0,0.0,1.1923429543124442,-0.005733530293610499,14.774104283264295,0.047941835553222734,49.78632701919872,238.45301288749567,362906.2819177737,2478.6783580625965,7.400703658564238,16.60346145566177,25.536531203330615,38.06743875069958,48.04999310093696,54.13738187790546,57.311581460147586,58.639242822795985,58.858174438855016,36.377791693146534,75.14430418193753,85.00871900043553,83.20501420962383,80.95297233947171,79.77816643464472,78.81633878558027,77.64375597627779,76.21657675750183,2.1675932482826443,35.61703684794785,73.2870487786069,81.08247578975579,73.98611015984986,65.15045582031782,58.5977791650819,54.1054330922527,50.89196442733313,48.42191522810184,1268.573313828075,5370.991518677908,6574.367880196333,5473.944496585439,4244.581893595183,3433.6997230797065,2927.3978901002342,2589.9920432729405,2344.6818743574804,1.0,True
52,29103.245956790124,2.9123888888888887,29103.245956790124,0.01711719060729394,2.0,11.0,0.0,56.6,inf,0.07142857142857142,0.14285714285714285,0.21428571428571427,0.2857142857142857,0.35714285714285715,0.42857142857142855,0.5,0.5714285714285714,0.6428571428571429,0.7142857142857143,0.37678366460774576,2.609743289340556,102.80591728635925,56.082422635671506,25.79011039163382,14.342195856411939,7.181370564260562,1.824772808413366,0.11346792092887774,8.333333333333334,0.0,0.0,0.0,0.0,0.0,10.0,0.0,0.0,0.0,0.0,0.0,42.45,0.16844269752195595,0.4303540169634984,0.6838642326167778,0.3487661157879657,0.6838642326167778,0.3487661157879657,0.1963066053367837,0.21878372963451004,0.008068202953386061,0.07891321309649135,0.008068202953386061,0.21878372963451004,0.19630660533678373,-6.5333117122519155,23.492999761746255,53.2586070839213,52.40178030299218,-34.4764716695974,-139.17736549159517,26.857112655643572,44.83612732450485,8.025289556651982,-0.8461198647150266,65.27454910794043,68.02428115196525,119.0,0.033559372071094155,50.0,23.485317460317457,33.550453514739225,15.377777777777776,-5.777777777777778,0.0,0.0,0.0,0.0,8.333333333333334,0.0,1.0,0.0,119.0,1.0,28.57142857142857,45.593895234207245,208.96473583125982,1.2907263851808373,-7.069511599511603,15.552401489783044,-0.429483087375535,-1842.4002922932912,0.6145284147023589,2.648617700556667,1.0,50.0,0.0,0.9098558056191851,-0.004858764948111576,15.746574910314711,0.03155003820350011,39.07995837275128,199.9111111111111,223871.1227445394,1527.2431464159727,4.168820071135943,13.20855583198364,23.641837562456647,35.103940581843474,43.539134321804674,48.46515857153364,50.9095146441489,51.82145077473582,51.83055756228994,29.081123019166455,57.44566123158426,67.46279054110377,68.05277207683592,67.29810924543251,66.71062574329667,65.97239695241285,64.94553125741179,63.679225421346565,2.161272286457887,28.780768844323593,55.906511670531835,63.18458375476771,58.300026955123975,51.31646217850584,45.841422225955135,41.959247828624406,39.14663804094909,36.99509498629272,828.3326552703875,3125.5380471673125,3992.291624263255,3398.8931429681825,2633.3792905180203,2101.4359916982935,1760.578478343922,1532.4592699090826,1368.6370530448207,1.0,True
53,21369.819571727374,3.6941565656565656,21369.819571727374,0.04036442168674695,2.0,11.0,0.0,50.55555555555556,0.009821428571428571,0.07142857142857142,0.14285714285714285,0.21428571428571427,0.2857142857142857,0.35714285714285715,0.42857142857142855,0.5,0.5714285714285714,0.6428571428571429,0.7142857142857143,0.7821952376742991,0.6882100223262231,31.21200178135595,13.749006454968397,2.5152766262201056,23.44216700768964,1.8919016821974168,13.682152987660663,8.666615925966608,8.333333333333334,0.0,0.0,0.0,0.0,0.0,5.0,0.0,0.0,0.0,0.0,0.0,48.53030303030303,-1.300266596197589,0.8847292231876962,0.4614799309141563,0.31077277210614285,0.4614799309141563,0.31077277210614274,0.29253210218933223,0.6657074631368862,0.11724599451265152,0.32658687157172817,0.11724599451265152,0.6657074631368862,0.29253210218933223,-33.975894125982826,-22.262890352814026,-136.60530650731596,56.68570399596743,-11.509002818385353,201.14543791819673,-21.614396244494497,69.23351632103837,271.79025051486076,-0.25703984517894835,-164.69014620865582,-39.38923224600249,75.0,0.027331492595942683,50.0,28.19238816738817,24.478102453102455,23.655400155400155,-3.888888888888889,24.3,24.3,21.444444444444443,0.0,8.333333333333334,0.0,3.0,0.0,75.0,4.0,42.85714285714286,39.0693701471474,311.9272114060788,0.3772204112330418,-4.397787767787771,14.799170581798448,-1.223852575333229,-1655.8426274195485,0.7632991132928552,2.359284332229372,1.0,50.0,0.0,0.7905857555710304,-0.005246140843646512,16.330330881495655,0.20203489750307713,27.048196485424388,307.520202020202,164383.22747482595,731.6049331141242,3.265573371105704,9.133927221849765,23.15885279982795,41.73925697960136,55.64172278750947,63.93288965927281,68.27013811450281,70.16277547006239,70.60413482458868,25.93827107782606,25.08963795083945,36.362578395109125,51.90893148052483,63.46100429056611,70.22928007746266,73.58157223148032,74.80709800844025,74.77250671006058,2.116019324206751,25.73188561036119,23.367954681789225,28.033990877796143,30.86051837284365,30.517171408982165,29.064366499442965,27.44878893290678,25.947771595688103,24.616740348335252,662.1299370647132,546.061306010155,785.9046445363574,952.3715942406204,931.2977508051985,844.7374000139425,753.4360138832657,673.2868507819983,605.9839053773568,1.0,True
54,792293.451388889,18.374166666666667,792293.4513888889,0.050637065266668654,2.0,11.0,0.0,161.0,0.002136752136752137,0.07142857142857142,0.14285714285714285,0.21428571428571427,0.2857142857142857,0.35714285714285715,0.42857142857142855,0.5,0.5714285714285714,0.6428571428571429,0.7142857142857143,0.7821952376742991,43.27813907793452,123.1064372195134,2210.3250348373995,484.87431324382754,1326.9543445952415,499.99773969423495,1101.9638732011354,314.70638790168175,16.666666666666668,0.0,0.0,0.0,0.0,0.0,5.0,0.0,0.0,0.0,0.0,0.0,156.0,2.7003603837927495,0.5772948080281701,0.053526606494642616,0.1923655803080191,0.053526606494642616,0.192365580308019,0.08693785928392601,0.03344769166138484,0.5300099125395394,1.1631053451911182,0.5300099125395396,0.03344769166138484,0.08693785928392601,-48.479533820964434,-26.005970186813958,89.84349495901078,-13.247999450070012,-60.839199305277745,-46.40681961627665,-8.978431692845616,283.6745606005103,282.34298027404583,-49.581330405012665,86.87153063468466,100.2465558191658,716.0,0.04405262068197111,50.0,132.10119047619045,146.26105442176868,170.08974358974362,1.8461538461538463,40.375,40.375,38.333333333333336,0.0,16.666666666666668,0.0,2.0,0.0,716.0,4.0,42.85714285714286,237.89154962907077,2214.3305428862905,1.8694638037424063,-1.3844322344322348,20.478470062595132,-0.7009092386117383,-6329.45629282685,0.7306927044819345,1.774131886956711,2.0,50.0,0.0,0.31082345620333185,-0.0023253582535225025,17.71564806867641,0.41883302710366843,197.84252540769359,2211.166666666667,6094565.010683761,39141.66485969388,4.097146117190883,48.21411263552553,131.0455740401547,215.08615411164809,273.5406333913836,306.86929956260354,323.2784348735214,329.46672979991354,329.7039838079971,214.00318481381967,252.83558013660624,191.27684302922515,230.29415527334285,282.47519345439224,315.40213074866205,332.3010300091537,338.9930355473707,339.5897719262724,2.164404980449974,213.96396076010615,248.19595066354952,139.3337295980883,82.30032966229788,70.48231551912124,72.86794265486839,76.90921980407062,79.79944927486484,81.34184813534624,45780.576504152246,61601.229925783104,19413.888203713188,6773.344262522908,4967.75680093696,5309.737066753189,5915.028090870847,6367.952104571727,6616.496258073731,3.0,False
55,3834517.25,29.155000000000005,3834517.25,0.11475390937412003,2.0,11.0,0.0,186.0,0.0015625,0.07142857142857142,0.14285714285714285,0.21428571428571427,0.2857142857142857,0.35714285714285715,0.42857142857142855,0.5,0.5714285714285714,0.6428571428571429,0.7142857142857143,0.7821952376742991,32.69121601971802,7260.67532363095,2012.1291401116166,6197.663050798835,6688.577452174829,2320.3560400306437,6211.227101023996,6570.927599583112,8.333333333333334,0.0,0.0,0.0,0.0,0.0,5.0,0.0,0.0,0.0,1.0,0.0,180.0,6.865590621534201,0.8078615100932387,1.5828777287551405,0.5415867407579411,1.5828777287551408,0.5415867407579411,0.6337700531551828,0.9202070126055857,0.2232747750466444,0.5911088605973677,0.22327477504664445,0.9202070126055857,0.6337700531551829,-59.345347333520635,-34.05413318683727,108.5378000224931,196.03044845739834,-23.043867879713616,111.13855969642817,1.037361012775079,14.395425033711614,43.16742216148032,30.488432106170794,100.46264920808652,163.8426221937667,1849.0,0.009897020679523492,50.0,214.89285714285714,282.45918367346945,436.0769230769231,-14.307692307692308,6.5,6.5,171.5,0.0,25.0,0.0,4.0,0.0,1849.0,5.0,42.85714285714286,523.3489173445515,5670.712280269342,2.8398912618158496,43.38351648351649,22.530338699396577,-0.3097084608643447,-10463.884922433273,0.8706110676739109,1.6761351819581287,1.0,50.0,0.0,0.1519287176104188,-0.0012701115260246169,17.691850936562165,0.08770026159059907,477.19508509067225,5669.0,29496286.538461536,227715.1492346939,84.02494963261776,104.68681614596024,170.25863949783812,271.7290746443213,351.4563016457716,399.8576563577273,425.2680335450899,436.21929152054184,438.5134722621034,446.78519388624534,377.3934067774499,433.22955684288553,461.8169169213518,480.7892918298103,496.16532440080533,504.67332085686684,506.4494780280862,503.23390057460335,2.181981668766017,438.8129639324776,362.5830304968942,398.37149069509,373.414213371269,328.08049495769615,293.758206336201,271.7393244074004,257.3009978609441,246.88113198898634,192556.8173152059,131466.4540043117,158699.84459862817,139438.17474768363,107636.81117168689,86293.88378986204,73842.26042939039,66203.80350023755,60950.293332163295,7.0,True
56,461151.35500000004,16.726250000000004,461151.3550000001,0.07758479857804314,2.0,11.0,0.0,221.0,0.0031217481789802284,0.07142857142857142,0.14285714285714285,0.21428571428571427,0.2857142857142857,0.35714285714285715,0.42857142857142855,0.5,0.5714285714285714,0.6428571428571429,0.7142857142857143,0.9624786378518297,3.3135396690005408,121.43313346488793,270.3034393334816,407.2451273370782,2.0073979148818784,150.80951521928102,2.037945382500754,560.701947692316,25.0,0.0,0.0,0.0,0.0,0.0,2.0,0.0,0.0,0.0,0.0,0.0,186.75,-0.23353932293555824,0.5818067259467288,0.018746233242817358,0.11788605359253819,0.018746233242817358,0.11788605359253804,0.8042275797016819,0.7757798479752616,0.9979468042391477,1.5779771645579972,0.9979468042391477,0.7757798479752616,0.8042275797016818,-8.488486145886222,-27.161798428944298,-59.4850229262001,338.8902645962336,-69.623047622282,78.34813711408898,-122.71008751888854,173.6789151958196,-171.49796268194356,121.21383490912568,72.68435442424762,-55.02211936872311,417.75,0.020644784501897842,50.0,135.3452380952381,100.16666666666666,143.70641025641024,30.083333333333332,125.725,97.16666666666666,105.75,19.30000000000001,8.333333333333334,0.0,3.0,0.0,417.75,4.0,42.85714285714286,181.49210037905232,1869.272460513131,0.7533968691598725,1.3183882783882759,15.711277349442307,-1.801072891053989,-6493.806886870684,0.8225090013454708,1.9276847877257954,2.0,50.0,0.0,0.6560281529223293,-0.004777057363143953,17.8220003501268,0.4164396227660795,120.91752984965956,1868.183333333333,3547318.1153846155,14621.04902494331,5.873433698103379,32.79830370301395,98.75651768156646,183.97087442244535,247.50256949904718,285.4174252244374,305.32872591069173,314.1148011341094,316.29355998173565,118.01375981020126,77.25748705697016,115.29378735597102,193.909560040903,254.5819636227991,291.3804720220351,310.8998228058632,319.5528517129167,321.67673859902396,2.083974615751338,117.86751155909698,69.94991480025385,59.4962823905352,61.28323457110774,59.61924432102056,58.64701914024845,58.59239672919023,58.70193136802387,58.60296980345758,13892.75028113386,4892.990580562773,3539.807618294309,3755.634839497415,3554.454293409542,3439.472854036668,3433.0689544708216,3445.916746336185,3434.308069784961,2.0,True
57,31382.0,1.8600000000000003,31382.0,0.03999330826588491,0.0,0.0,0.0,0.0,inf,0.07142857142857142,0.14285714285714285,0.21428571428571427,0.2857142857142857,0.35714285714285715,0.42857142857142855,0.5,0.5714285714285714,0.6428571428571429,0.7142857142857143,0.28608577375653055,0.4747243770837303,53.97442536086095,46.7005444626393,59.123175653332154,58.22869626793785,46.17412284610594,50.25608319277654,24.87901594571273,16.666666666666668,0.0,0.0,0.0,0.0,0.0,11.0,0.0,0.0,0.0,0.0,0.0,0.0,9.038442365651907,3.946147348110185,2.401113738849738,1.0462989120812956,2.4011137388497383,1.0462989120812956,0.4767964872228726,0.722339947118885,0.8786823376246936,0.39818418361088315,0.8786823376246936,0.722339947118885,0.4767964872228723,-53.512066883805105,-44.19145473105314,135.2555146000757,137.71955238570428,-21.031728018532455,5.810582273028186,30.76987557184867,57.02002329923869,85.45333203154259,99.27809605615981,116.93916914227557,128.352901156353,177.0,0.02260144148966966,50.0,13.285714285714286,23.387755102040813,27.53846153846154,0.0,0.0,0.0,0.0,0.0,25.0,0.0,0.0,0.0,177.0,2.0,42.85714285714286,47.3452365985368,366.54896975410884,3.318973397830211,-2.013186813186814,24.553254516351174,-0.015457673911673905,-691.1728675790258,0.9992981018816927,1.7539909951372146,2.0,50.0,0.0,0.03544938606581577,-0.0002297548201622552,16.66699150400929,0.0002461329184950678,45.44294471631207,358.0,241400.0,2065.061224489795,0.03223642070237417,2.030500275633015,11.45651329833571,21.95735685944535,29.151892941249194,33.22933400067965,35.26200418704004,36.07554209408609,36.183138742384294,47.19688734934024,48.43279311741144,45.71063179473144,42.81319673398244,41.57603774360558,41.26814102293385,41.07367789408885,40.702755316850464,40.13397365675858,2.194933192982863,47.196876340277996,48.390210970656376,44.251668467059744,36.75383373649139,29.64344872648359,24.47183739239927,21.062717689332818,18.848595518001375,17.364225068535607,2227.545136279493,2341.6125177846325,1958.2101621185698,1350.8442943296525,878.7340523996617,598.8708253600311,443.6380764605336,355.26955300122154,301.51631223076043,4.0,True
58,97439.0,6.05,97439.0,0.07801178173010807,0.0,0.0,0.0,0.0,inf,0.07142857142857142,0.14285714285714285,0.21428571428571427,0.2857142857142857,0.35714285714285715,0.42857142857142855,0.5,0.5714285714285714,0.6428571428571429,0.7142857142857143,0.6313247675185967,5.022574578623883,14.102341825362586,167.4436799644399,66.9089288883206,78.83673367386676,245.5092240480969,56.43564354726342,165.26596283887224,16.666666666666668,0.0,0.0,0.0,0.0,0.0,7.0,0.0,0.0,0.0,0.0,0.0,40.5,3.167438707925416,1.412031344553115,0.6587786702980114,0.1015296513018498,0.6587786702980114,0.1015296513018498,0.252816727384124,2.7027726745390526,0.4020147066779652,0.041981217208722,0.4020147066779652,2.7027726745390526,0.25281672738412386,-64.0202772849159,-29.201593762175232,11.435233978531345,95.78463403392499,-18.33726222995249,-61.79592650726269,50.077028123758616,71.87822250368724,131.36267750787297,449.2297599171782,7.628339104341745,86.06026523765378,257.0,0.03808609448959742,50.0,43.214285714285715,49.336734693877546,81.23076923076923,0.0,11.5,11.5,43.0,0.0,16.666666666666668,0.0,3.0,0.0,257.0,5.0,42.85714285714286,83.42618636512502,1058.1049123788991,2.0433384913294903,0.8021978021978027,21.79497116493446,-0.7348356701283163,-1764.1927823542987,0.7245281453230122,1.5706824258431458,2.0,50.0,0.0,0.08203953156427302,-0.0016483005437479905,17.806531465877832,0.4324852284269469,71.3614327324827,1056.0,749530.7692307692,5092.454081632653,2.403215174687168,20.88952261604493,44.277984490863666,68.84470815015588,86.46483058124907,96.64101921037162,101.67429789005635,103.56567666310127,103.61673382571686,68.83805395287261,74.45403656482313,65.13080112615299,73.6998878861999,88.22446885420327,98.27521695941564,103.70390569660357,105.99500555805866,106.35403487268808,2.1664840538459984,68.7960916683699,71.46349701539778,47.76485470260878,26.307406450623255,17.53254052218834,17.84745568423685,20.41659142203051,22.563063191128105,23.97401103260561,4732.902228842754,5107.031405669766,2281.481344761328,692.079634158294,307.3899771621762,318.5316744007982,416.8372052941299,509.09182056684,574.7532049914954,8.0,False
59,428769.0,6.990000000000001,428769.0,0.040009445645557404,0.0,0.0,0.0,0.0,inf,0.07142857142857142,0.14285714285714285,0.21428571428571427,0.2857142857142857,0.35714285714285715,0.42857142857142855,0.5,0.5714285714285714,0.6428571428571429,0.7142857142857143,0.28608577375653055,6.70455559508287,787.7987157315013,647.111699402099,840.5659373548243,764.589086764852,618.5987007901518,634.3575532763967,327.34100407950206,8.333333333333334,0.0,0.0,0.0,0.0,0.0,11.0,0.0,0.0,0.0,0.0,0.0,0.0,9.022781662805729,3.802026873915971,2.2303738116902454,1.0677265482374887,2.230373811690246,1.0677265482374887,0.19643689781431323,0.41476200967014815,0.756035197340578,0.048171336521127074,0.7560351973405779,0.41476200967014815,0.19643689781431323,-51.33934315059137,-44.675258689655706,133.4572637665651,136.18410304729002,-21.254639897292243,5.099123037478879,30.520635138273278,55.428975632149864,76.56882889422087,98.87962345510614,114.93842952355399,126.98530687264031,654.0,0.023909992794816603,50.0,49.92857142857143,86.29591836734691,100.61538461538461,0.0,0.0,0.0,0.0,0.0,25.0,0.0,0.0,0.0,654.0,1.0,42.85714285714286,175.00387750806306,1317.0478521602274,3.315179001071485,-7.641758241758241,24.221709587537898,-0.017108821728182465,-2743.393151470742,0.9187606086630777,1.7605177849655664,0.0,50.0,0.0,0.06160314603278124,-0.00040026364069479684,16.615809602632623,3.515279779764402e-05,167.73042329273244,1308.0,3298223.076923077,28133.494897959197,0.0015234029457916306,6.998138615798814,42.4088066204112,82.31250858876884,109.74541724907421,125.33161315694716,133.13190486172442,136.28512307128662,136.74462988613814,174.71436069044572,182.4294708977103,173.85954112482767,162.87420473210287,157.81722103460652,156.39296663214154,155.50741982404577,154.01700150909755,151.81240000863195,2.1944860721368835,174.71436068380413,182.29519441809921,168.60792733785746,140.54414785731498,113.4117218276509,93.54542616012544,80.36450415588206,71.74679075260167,65.93869117357411,30525.107829150405,33231.53790793259,28428.633161168218,19752.657496938813,12862.218647912467,8750.746755479482,6458.453528220785,5147.601983297609,4347.91099368398,2.0,False
60,139041.83617964832,8.915932773109244,139041.83617964832,0.056927935532002545,2.0,11.0,0.0,104.0,0.005592841163310961,0.07142857142857142,0.14285714285714285,0.21428571428571427,0.2857142857142857,0.35714285714285715,0.42857142857142855,0.5,0.5714285714285714,0.6428571428571429,0.7142857142857143,0.9624786378518297,4.24053421750297,271.08642381045706,27.87528328976423,87.94637026536995,13.148083119782186,30.32627039552641,82.0435066171738,6.098842513855172,8.333333333333334,0.0,0.0,0.0,0.0,0.0,2.0,0.0,0.0,0.0,0.0,0.0,87.975,-0.45102259220257634,0.10478313157333033,0.8488772808006063,1.0450616126763537,0.8488772808006063,1.0450616126763537,0.5502414904573755,0.2928267265281447,0.7659602603071086,0.1450870175744443,0.7659602603071086,0.2928267265281447,0.5502414904573756,-19.190405371336,32.02099519347356,244.97059846707293,277.9979546484713,-54.77166470009523,-74.98488532609251,106.2769447761604,-43.783941914587224,8.779844787114085,-44.25143908756059,-87.77919713928458,-102.2703733915401,220.76470588235293,0.02976384048421362,50.0,71.75666266506603,56.22591322243182,70.27149321266968,11.23076923076923,52.214285714285715,47.714285714285715,66.0,0.0,8.333333333333334,0.0,3.0,0.0,220.76470588235293,4.0,42.857142857142854,99.65721111448853,914.6435462587914,0.8559808954771392,-2.648251916151079,16.35853203168677,-1.162412170627193,-3827.124933705037,0.7337864643727852,2.0381796638673637,1.0,50.0,0.0,0.7563710325825113,-0.004444183526561087,18.459764181540947,0.11962815024996631,69.15591869312169,913.5294117647059,1069552.5859972946,4782.541090289657,9.54987008419839,27.85149242086828,57.975891630242224,95.90065352058143,124.49394877017592,141.58653120836422,150.46533218332755,154.2338831501291,154.96172267786005,72.05027922265673,95.59523315826038,111.77613406224509,121.68964164141374,134.75522464155583,146.0234692105014,153.0290625019045,156.33934547339285,157.08736270849892,2.155771412232624,71.41458336668872,91.44803427363806,95.56516172528246,74.90950231540114,51.57739124660134,35.722650246771344,27.894045622187463,25.571473001788686,25.754689425840105,5100.042717437733,8362.74297251248,9132.700135579393,5611.43353714109,2660.2272878049885,1276.1077406531529,778.0777811726756,653.9002314812076,663.3040274214802,2.0,False
61,220153.25,8.655000000000001,220153.25,0.08949445443117467,0.0,0.0,0.0,0.0,inf,0.07142857142857142,0.14285714285714285,0.21428571428571427,0.2857142857142857,0.35714285714285715,0.42857142857142855,0.5,0.5714285714285714,0.6428571428571429,0.7142857142857143,0.5497436542219539,10.278974514705345,160.09691254639694,250.85193681687963,117.51199836481429,331.4213394390754,635.5932263808231,94.0161172842759,283.66155807502366,16.666666666666668,0.0,0.0,0.0,0.0,0.0,8.0,0.0,0.0,0.0,0.0,0.0,96.75,4.920716362758686,0.44414838996350336,0.42597408260041125,0.0865835566268527,0.42597408260041125,0.0865835566268527,0.14963162664487592,0.16053799229900637,0.3405498939828731,0.2812847311097856,0.34054989398287316,0.16053799229900637,0.14963162664487595,-58.54344093806537,-19.609907319733974,24.600259013189046,113.74347589069907,59.120789493604704,-43.81907504453686,-17.117644121057698,128.8060303119559,56.07940485165006,247.53748363804715,-8.177930537499478,62.705626135049094,415.0,0.051473175470529105,50.0,61.82142857142857,76.62755102040816,117.15384615384616,0.0,0.0,0.0,101.0,0.0,16.666666666666668,0.0,2.0,0.0,415.0,4.0,42.85714285714286,125.40028765061562,1526.0664952407014,2.345161130470873,4.24725274725275,21.32765698862194,-0.5122102974747101,-2993.190408860255,0.8029747540665159,1.5356991911723494,2.0,50.0,0.0,0.13505539957684945,-0.0018886335487087159,17.565304376598856,0.17422355964541725,109.10244320016348,1523.0,1693486.5384615385,11903.343112244898,1.1506453793848803,26.453114177091276,62.06743404406639,100.14604071828708,127.28148061760596,142.9232464614394,150.69501799037508,153.67846211405464,153.86159685487107,103.47541938618042,96.93714056469486,103.47471205167354,124.1245880669212,143.52252564108232,155.60716021525118,161.57859947144868,163.53388135118686,163.05242906025347,2.1532343523373396,103.46902160722706,93.25793248401543,82.79281167687338,73.33269319501406,66.31847448626314,61.534818852236064,58.29798761565774,55.91297373636223,53.96946947782728,10705.83843235682,8697.04197119318,6854.649665362221,5377.683891234062,4398.140058185135,3786.533931177507,3398.6553600353827,3126.260632043133,2912.7036357181305,8.0,True
62,109504.47222222222,5.451666666666665,109504.47222222222,0.10339032829963059,2.0,11.0,0.0,46.0,0.07142857142857142,0.07142857142857142,0.14285714285714285,0.21428571428571427,0.2857142857142857,0.35714285714285715,0.42857142857142855,0.5,0.5714285714285714,0.6428571428571429,0.7142857142857143,0.4647704321725439,0.5814894170378941,235.22754834840492,104.03132010867824,262.00325929042987,216.95154100314502,27.86235061252703,91.83807882969971,66.80372078891182,8.333333333333334,0.0,0.0,0.0,0.0,0.0,9.0,0.0,0.0,0.0,0.0,0.0,35.375,3.486576968692824,0.5206249709396796,0.30930212801911205,0.21987808906919284,0.30930212801911205,0.21987808906919284,0.6070045478038406,0.47827286135208197,0.16097870484893578,0.11625898497790205,0.16097870484893578,0.47827286135208197,0.6070045478038406,-32.31755989390692,-63.93787675747934,207.63965617557966,94.3254162248773,-74.56604141459006,167.17665622762556,-8.974906237153265,17.898203053082337,78.27126833354261,-14.512479662514973,74.9953925752945,62.340390401417906,281.3333333333333,0.031131018613386303,50.0,40.58333333333333,57.47619047619047,65.94871794871794,-3.5384615384615383,0.0,0.0,3.5,0.0,16.666666666666668,0.0,0.0,0.0,281.3333333333333,2.0,42.85714285714286,88.44064685354249,863.501588010685,2.1005404823735905,7.2787545787545795,20.54368539546764,-0.3371328337654454,-2436.6369485530404,0.8490575545535743,1.8740001649599243,1.0,50.0,0.0,0.2864248333887424,-0.002291818939473784,16.675362807116727,0.0761636610980897,78.57952068719031,857.3333333333333,842342.094017094,6174.741071428571,10.982843315775938,22.316196375333465,34.75447430973344,54.70637367499884,70.6072867883618,80.29925089739552,85.39471030508636,87.59202124434525,88.05240566487251,89.46186997631087,75.52476249729455,81.32148505671267,89.42427665694427,94.94421705161251,98.64339523954675,100.46730866334514,100.77565140757906,100.04522867278227,2.1819277614774366,88.78515265718399,72.15245754380305,73.52081642149535,70.73834840416548,63.47452562981259,57.29354003465446,52.92847590821259,49.83341981995677,47.49549069983406,7882.803332359465,5205.977129610302,5405.310447283221,5003.9139349491015,4029.015403929735,3282.549729702554,2801.423561966241,2483.36973095206,2255.8216368180238,5.0,False
63,916948.0,14.54,916948.0,0.10494180695088488,0.0,0.0,0.0,0.0,inf,0.07142857142857142,0.14285714285714285,0.21428571428571427,0.2857142857142857,0.35714285714285715,0.42857142857142855,0.5,0.5714285714285714,0.6428571428571429,0.7142857142857143,0.37678366460774576,29.009781511814783,2862.600764309436,1630.436856719598,2082.628235008649,1601.0648117266408,512.259062688925,120.61606969771604,0.0071079057935555506,8.333333333333334,0.0,0.0,0.0,0.0,0.0,10.0,0.0,0.0,0.0,0.0,0.0,38.25,2.1202075616066933,0.2712581929314898,0.0505794589033884,1.2935515726358715,0.05057945890338844,1.2935515726358713,0.12435577960440831,0.34238499137708606,0.5081049400187421,0.32712719623851855,0.5081049400187421,0.34238499137708606,0.12435577960440831,7.85530150456112,-136.93119103385212,126.24178504353556,54.19789483212202,45.00237950949367,-61.53694183803458,72.22398523626038,-41.54826178507853,100.03503375771555,1.3670911292241867,121.78303327593215,36.77284494213799,687.0,0.031908197711047054,41.66666666666667,103.85714285714286,163.18367346938774,113.84615384615384,0.0,0.0,0.0,0.0,0.0,16.666666666666668,0.0,0.0,0.0,687.0,2.0,28.571428571428566,255.9224212809142,1487.2776103276865,2.0185378449626414,23.7934065934066,18.521570314421652,-0.18037232946282694,-8582.555256588967,0.7977255160014608,2.1234520052321595,0.0,41.66666666666667,0.0,0.39704580251764426,-0.003331763838297437,14.763237018596627,0.009277453195234986,233.90164512426315,1480.0,7053446.153846154,54709.97959183674,11.941550042707254,66.8480687832996,109.39332716934139,158.3995008155512,195.57549570098703,217.57726279142415,228.59480307654172,232.76214288214513,232.8703828347753,262.1425541078547,290.80351918691485,306.6016762114656,304.0893596167943,299.04979297852276,296.0349909123408,292.94266982570684,288.7520965372449,283.50338753440064,2.1888074112158447,261.870422264079,283.01594031332866,286.42221950557854,259.5764565085521,226.2321908168918,200.7407546081792,183.1934054790461,170.87878187641164,161.69587360803524,68576.11805676705,80098.02247143762,82037.68782650182,67379.93677353625,51181.00416181054,40296.850560661216,33559.8238110102,29199.558095566266,26145.55554186571,4.0,True
64,92891.98444586169,5.352678571428571,92891.98444586169,0.11146735409778244,2.0,11.0,0.0,67.66666666666667,inf,0.07142857142857142,0.14285714285714285,0.21428571428571427,0.2857142857142857,0.35714285714285715,0.42857142857142855,0.5,0.5714285714285714,0.6428571428571429,0.7142857142857143,0.37678366460774576,1.7973519637398525,470.6501077988086,198.64287827714358,79.83861936616253,35.955055099469256,5.947996814906896,0.42992618568924174,0.6128864539742712,8.333333333333334,0.0,0.0,0.0,0.0,0.0,10.0,0.0,0.0,0.0,0.0,0.0,50.75,0.7191259897858941,0.8768117976170471,0.3556206421754072,0.21069168885683456,0.35562064217540723,0.21069168885683456,0.31418281266428605,0.16090173769773966,0.05878753504243417,0.027084452067674476,0.058787535042434225,0.16090173769773966,0.314182812664286,56.04058225629766,-143.21780745019979,20.736496092042266,14.337877651745156,-6.343030770054778,-10.371941837312018,-65.13161493950419,61.79898119700836,-59.45925271689756,65.0924971806428,-13.684703615936803,39.0201542013632,221.14285714285714,0.046923221527637254,41.66666666666667,40.65008503401361,58.07155004859086,28.816849816849814,5.205128205128205,0.0,0.0,0.0,0.0,8.333333333333334,0.0,0.0,0.0,221.14285714285714,1.0,21.428571428571427,81.45637940722001,383.64151144613777,1.4694950606530501,11.921964939822086,12.927522671234858,-0.4168496746945824,-3726.4907838558893,0.5494399252216879,3.560970360905565,0.0,41.66666666666667,0.0,1.0171413678092958,-0.006208702626222071,12.563471903368447,0.01846913040819953,70.58833000475674,374.6190476190476,714553.7265066283,4982.71233286044,9.789926703527243,23.926060558399662,35.83965286511822,52.67107879126648,66.1197606968674,74.31536828122645,78.57289638319172,80.3332404097138,80.59482252548074,59.85986271204227,108.11837273997416,119.0904079276858,115.45803941652441,111.64582905653731,109.62532093211178,108.09585201667689,106.38314259280315,104.37460170585385,2.172634639809178,59.053877934002884,105.43778331364797,113.56955816983016,102.74393570849767,89.96092702451736,80.5911721387286,74.23619856355475,69.7419781279239,66.32142989518466,3487.360499044113,11117.126150095783,12898.044542890437,10556.316324871903,8092.9683911105385,6494.937026694185,5511.013177167528,4863.943513195815,4398.532063341893,1.0,True
65,27544.626038781164,1.8434210526315795,27544.626038781164,0.12298556459877248,2.0,11.0,0.0,0.0,inf,0.07142857142857142,0.14285714285714285,0.21428571428571427,0.2857142857142857,0.35714285714285715,0.42857142857142855,0.5,0.5714285714285714,0.6428571428571429,0.7142857142857143,0.19292394233698318,0.031583985351456,76.06544836463631,55.79484905208051,37.196176075019125,26.24558029740844,20.00449882773922,15.1435640759736,6.475674664196704,8.333333333333334,0.0,0.0,0.0,0.0,0.0,12.0,0.0,0.0,0.0,0.0,0.0,0.0,3.369231789638641,0.012686251380014186,0.16116554664146188,0.5277157570653505,0.16116554664146188,0.5277157570653505,0.1739032139923989,0.15733857261751677,0.12099266394250888,0.09659579249654407,0.12099266394250886,0.15733857261751677,0.1739032139923989,-22.238644948131977,-2.806302575289414,27.61288533621349,23.88440150322458,6.158633351396011,12.310646526226654,16.23255966855083,20.43860393688993,22.515260678483862,28.021242751431547,29.8322407588922,30.245639676471015,139.0,0.014697075694915362,50.0,16.406015037593985,28.124597207303974,14.408906882591094,6.9757085020242915,0.0,0.0,0.0,0.0,16.666666666666668,0.0,0.0,0.0,139.0,1.0,42.857142857142854,44.35620913112807,198.32973402529583,2.244569206570308,5.951417004048585,19.507860759038596,-0.1100223281630252,-1356.4523772928524,0.8197287519998336,2.0822367048487376,0.0,50.0,0.0,0.38089572949901096,-0.0028245287524944346,15.158219487174994,0.005755607877695024,41.210629200130015,187.31578947368422,211881.7387598551,1698.3159590706089,5.699692449744708,5.672636340806146,8.503494687742677,14.973907127409518,20.540713810949768,24.10765619773199,26.103063989806603,27.076850840876173,27.42328261532515,42.31599447306256,48.27210372023817,46.88465246709173,43.29518460280484,40.81459440082466,39.829495010880436,39.408525144921725,39.022773744930554,38.520114168608885,2.1918147727136126,41.93038151773227,47.93763859977249,46.10706252902589,40.623332151987036,35.26911102140917,31.70504037962582,29.52392088530908,28.100196072073672,27.051113954191756,1758.1568942225842,2298.0171945223974,2125.861215055503,1650.2551151306636,1243.9101922404857,1005.2095854737038,871.6619044419897,789.6210192889846,731.7627661626678,1.0,False
66,5034858.361111111,48.64333333333334,5034858.361111111,0.050044750955451404,2.0,11.0,0.0,879.0,0.00045955882352941176,0.07142857142857142,0.14285714285714285,0.21428571428571427,0.2857142857142857,0.35714285714285715,0.42857142857142855,0.5,0.5714285714285714,0.6428571428571429,0.7142857142857143,0.5497436542219539,130.46029663883564,13227.65184215287,1585.7359323974536,2669.906308773398,12460.051197637837,6422.375856736237,73.42058425734783,679.1302168299429,8.333333333333334,0.0,0.0,0.0,0.0,0.0,8.0,0.0,0.0,0.0,0.0,0.0,795.25,-0.9247876762296867,0.9036826263245727,0.5349135182614992,0.2795227557570801,0.5349135182614994,0.2795227557570801,0.48067516310387887,0.9632431986313532,1.0480054349822516,0.503313635445461,1.0480054349822518,0.9632431986313532,0.4806751631038787,-34.32939130268613,-64.74483516724327,66.14691559119161,96.044439717354,163.63710671977924,49.15349468395957,-34.633855933833246,20.040037902857037,-170.14715845728236,60.06178702580846,-30.696109596116084,173.27034187904496,1332.3333333333333,0.057894616636833506,41.66666666666667,349.0595238095238,442.36224489795916,464.7435897435897,3.4615384615384617,0.0,0.0,367.83333333333326,0.0,8.333333333333334,0.0,2.0,0.0,1332.3333333333333,3.0,28.571428571428566,599.693871970829,6045.68493969867,0.8829931925810706,-37.978388278388294,17.794240805420852,-0.6861569600829317,-20615.082614500294,0.7149526879432637,1.606926333022456,1.0,41.66666666666667,0.0,0.3682132522101621,-0.003705819014354989,16.77056071583058,0.15204783090709084,487.6373538986052,6041.666666666666,38729679.7008547,237790.18891723355,8.687546430839754,71.2117350586867,270.8403163284625,532.1616202945495,727.4385303013521,844.4774990255949,906.4841489926845,934.4370739526614,942.122738659781,478.3831429810309,472.2355639964133,680.8788003330125,807.4300332330154,899.8369619798627,959.3906795240665,989.5131798947399,998.7341081693069,994.6647635422611,2.1504953735387122,478.3042525688241,466.8354278468398,624.6930956830088,607.2456409494827,529.6600256562298,455.2891714033253,396.7654481055634,352.5580429426183,319.0027227670259,228774.95802542148,217935.316692942,390241.4637940208,368747.26845214807,280539.742778158,207288.22959712657,157422.82081040854,124297.17364352908,101762.73713277599,7.0,True
67,623844.0,13.34,623844.0,0.03729438769948898,0.0,0.0,0.0,0.0,inf,0.07142857142857142,0.14285714285714285,0.21428571428571427,0.2857142857142857,0.35714285714285715,0.42857142857142855,0.5,0.5714285714285714,0.6428571428571429,0.7142857142857143,0.28608577375653055,24.418967903388072,1396.5207861456922,1459.383554278141,1282.4244208698888,278.0992750934175,1049.1990691248982,126.40073605345171,59.68822045795018,16.666666666666668,0.0,0.0,0.0,0.0,0.0,11.0,0.0,0.0,0.0,0.0,0.0,0.0,0.7179420489118908,0.0,0.0,0.0,0.0,0.0,0.0,0.0,0.0,0.0,0.0,0.0,0.0,-13.179575291470812,-89.65498901626475,215.36652548780984,-1.4517823178511975,-29.20158645263844,-8.870887952553735,-40.138050999506234,86.23742169934415,-99.50986751103035,313.49967359309943,200.85688715773497,-46.515472031290265,524.0,0.025808940705550388,41.66666666666667,95.28571428571429,149.734693877551,127.07692307692308,0.0,0.0,0.0,0.0,0.0,16.666666666666668,0.0,0.0,0.0,524.0,2.0,35.71428571428571,211.09307358197643,1660.036469239703,1.586160181531407,-12.206593406593411,19.000913290392166,-0.3192498385897812,-6750.285338773788,0.858337114594362,2.012085458054869,2.0,41.66666666666667,0.0,0.3674677414056966,-0.0030852445935125993,15.44656427736947,0.10629308881371924,188.36379261245227,1652.0,4798800.0,35480.91836734693,5.640001877313116,51.641432412472746,103.67950111938958,154.5415958243952,190.37009458438706,210.7828299504952,220.6232407308321,224.0316322162266,223.69141109764547,215.84959364544903,263.3626113564021,249.27500522487307,230.52080891292732,229.80217393261034,235.14897152812074,239.06308564504712,240.0997121633574,238.76561278797132,2.192358185100991,215.77589637336547,258.2499322726946,226.6905143085943,171.046012820877,128.7177774516217,104.2383682182025,92.06815175486288,86.3579732709174,83.49353538543969,46559.23745572936,66693.02751885133,51388.589277495,29256.73850191962,16568.266232085214,10865.637408793567,8476.54456755646,7457.699547460484,6971.17045115967,4.0,True
68,360857.0,7.41,360857.0,0.02422990270384113,2.0,11.0,0.0,0.0,inf,0.07142857142857142,0.14285714285714285,0.21428571428571427,0.2857142857142857,0.35714285714285715,0.42857142857142855,0.5,0.5714285714285714,0.6428571428571429,0.7142857142857143,0.28608577375653055,25.15204660394833,401.57151810250554,419.5519532448822,391.3093105918673,497.92709871277464,616.3687404367785,352.5975141641898,291.2882166285201,8.333333333333334,0.0,0.0,0.0,0.0,0.0,11.0,0.0,0.0,0.0,0.0,0.0,0.0,4.170001901214963,1.106358327567202,1.968310590517408,0.20467854312215678,1.9683105905174083,0.20467854312215678,0.04780066585074083,0.34709854602350665,0.039051489301154256,0.3407685698842543,0.03905148930115428,0.34709854602350665,0.047800665850740706,-61.356284136387515,-46.22136420438945,104.82186918632179,83.75239778371315,107.25304069764465,-17.101553670931686,16.570280703726734,33.91876993474625,50.97729851557165,81.83659876975835,134.2230594362426,96.03295018832175,524.0,0.013079232398416083,50.0,63.07142857142857,99.1122448979592,114.0,-21.846153846153847,0.0,0.0,0.0,0.0,25.0,0.0,0.0,0.0,524.0,2.0,42.85714285714286,160.54750075912114,1490.0170016939257,2.351639111606365,-15.351648351648358,24.415397598532827,-0.24492666767584625,-2448.0503320400217,0.8475503449006953,1.5748896228601728,1.0,50.0,0.0,-0.09755397300497207,-0.0003006526636116888,17.579101064752155,0.06571839948234093,147.63974701264965,1482.0,2775823.076923077,21797.494897959194,11.674515992243018,25.88868925737503,59.53623965825126,95.24227591211293,120.5280386982818,135.0809564027925,142.29419666006567,145.0393086152172,145.17019912174575,147.64746170596874,116.44556241722583,138.40953168395376,151.91531891130757,160.87884719378,166.19801809834087,168.2653104553375,167.94404365626727,166.080170072287,2.1839463747396226,147.18518479983766,113.5312502141992,124.95052872367796,118.35190323355695,106.55982057954631,96.8241521373841,89.80855359873948,84.66877084284371,80.67363992155339,21663.47862456236,12889.344775199106,15612.63462832667,14007.17299900523,11354.9953619451,9374.916437123302,8065.576299497662,7168.800756037982,6508.236178192453,5.0,False
69,384145.0124716553,13.84690476190476,384145.0124716553,0.07621741929402541,2.0,11.0,0.0,102.0,0.005813953488372093,0.07142857142857142,0.14285714285714285,0.21428571428571427,0.2857142857142857,0.35714285714285715,0.42857142857142855,0.5,0.5714285714285714,0.6428571428571429,0.7142857142857143,0.8499145514073182,15.6617191667901,406.8579026427215,732.7041352867905,394.38403445926133,299.87706777119007,175.8776016739369,610.221207190641,126.77589549806585,16.666666666666668,0.0,0.0,0.0,0.0,0.0,4.0,0.0,0.0,0.0,0.0,0.0,98.0,3.055987335118685,0.9334091402473399,0.3071828661870645,0.8329380448755834,0.3071828661870645,0.8329380448755834,0.3840764539510249,0.22139940250334816,0.839138313193483,0.7984462443044698,0.839138313193483,0.22139940250334816,0.3840764539510251,-36.963501157502726,2.4405917322069985,42.906900097697076,31.37664759933117,-73.38337684164297,18.239376943321336,95.77017932304642,2.9360201357239832,181.09876649286252,14.718120621151433,35.88407609345609,70.84174777779148,497.5,0.0594980851119494,50.0,99.37074829931973,91.83916423712343,137.13186813186815,-1.0,64.0,57.5,97.33333333333333,0.0,16.666666666666668,0.0,2.0,0.0,497.5,4.0,42.85714285714286,165.64700257554043,1784.766882427109,1.89488929067493,2.915018315018312,18.955662478488946,-0.6795530128273921,-5419.329445659911,0.8458734525072097,1.8991749820482935,1.0,50.0,0.0,0.5224001613781465,-0.0031085164396342543,17.93690374753217,0.1283886826560352,132.53069019926795,1782.7142857142858,2954961.6343973484,17564.383844694337,2.983818315882716,32.15563372367129,94.48682701606275,161.74871554083578,208.664915145037,235.44800881101636,248.73298683291225,253.88522736378067,254.3054519978437,127.22300854088802,157.78501709627201,161.2581710479032,198.2963872276164,232.7149641643159,253.74742308309922,264.05090969606874,267.46284823133686,266.7501138516672,2.1410900525604375,127.18801331278301,154.473709219077,130.67684282286376,114.71185731394364,103.03013022176252,94.61495583807523,88.62722026837902,84.13481152567302,80.52552591600882,16176.790730452669,23862.12683989995,17076.437250151437,13158.810208414565,10615.207733513342,8951.989868240928,7854.784172499773,7078.666510460521,6484.360324049807,3.0,True
70,8607.25,1.5350000000000004,8607.25,0.06006360916669088,2.0,11.0,0.0,21.5,inf,0.07142857142857142,0.14285714285714285,0.21428571428571427,0.2857142857142857,0.35714285714285715,0.42857142857142855,0.5,0.5714285714285714,0.6428571428571429,0.7142857142857143,0.37678366460774576,0.3347020215585345,10.603979455135054,4.945769916083524,12.771183663880016,1.585180471339469,8.744948347389782,6.568850311998008,1.3445424980395413,8.333333333333334,0.0,0.0,0.0,0.0,0.0,10.0,0.0,0.0,0.0,0.0,0.0,16.125,0.5001975076625698,0.0,0.0,0.0,0.0,0.0,0.0,0.0,0.0,0.0,0.0,0.0,0.0,-42.77604858601905,-37.069897573456636,-71.28568600990717,211.78605292254468,10.297756159593918,45.71670475065894,30.850917132817834,32.72586208488242,7.548262499948693,174.97600533893376,302.3123200082941,-218.61579733304146,66.0,0.02142739965517131,50.0,12.464285714285714,17.80612244897959,20.307692307692307,3.230769230769231,0.0,0.0,0.0,0.0,16.666666666666668,0.0,0.0,0.0,66.0,2.0,35.71428571428571,24.795232836748507,271.08267368329064,1.4144763516876548,0.5329670329670328,22.08678418588031,-0.4945379918078424,-548.943336581514,0.8313256061160804,1.5303391591959832,2.0,50.0,0.0,0.21254847137661556,-0.001498225275832987,18.74288892371865,0.16234294572497088,21.434671750722575,264.0,66209.61538461538,459.44515306122446,1.1188691623196292,6.126850367144842,10.89258375879138,16.616633387504628,20.990476182914787,23.610706699183392,24.957200584794016,25.506086074136388,25.579632150100988,22.93279752596053,22.30049134676273,24.172964324571765,22.969036392589963,23.346441366072945,24.462168753413525,25.359320484696056,25.832631020568577,25.95012996998667,2.190865424352799,22.905486988150063,21.442332403114555,21.579708600783594,15.857620492034375,10.220383264534123,6.397830045071358,4.498141217867916,4.09443507990881,4.369400934306737,524.6613341643118,459.77361888565645,465.68382329473343,251.46412766938855,104.45623407396916,40.93222928561778,20.233274415882256,16.764398623587862,19.09166452472058,5.0,True
71,191109.16222222222,10.578,191109.16222222222,0.061750349244840554,0.0,0.0,0.0,0.0,inf,0.07142857142857142,0.14285714285714285,0.21428571428571427,0.2857142857142857,0.35714285714285715,0.42857142857142855,0.5,0.5714285714285714,0.6428571428571429,0.7142857142857143,0.7090260576130032,1.6371603591029689,62.30125467793737,212.41777574779553,17.380163395060606,67.85858439224273,3.4316615116088167,600.7236829113791,64.40460206663217,16.666666666666668,0.0,0.0,0.0,0.0,0.0,6.0,0.0,0.0,0.0,0.0,0.0,108.75,-0.6769508848497972,0.31207036539120603,0.2954038239014446,0.9714337419421266,0.29540382390144454,0.9714337419421266,0.29484251246833554,0.35240854249621245,1.2387933848720063,0.7790855057384413,1.2387933848720065,0.35240854249621245,0.2948425124683355,-55.672941193066364,57.677183151049086,91.71680498821516,-17.727273569647103,-99.03278771572069,-14.403012417024707,-14.901159638573455,159.94877884629128,283.39271072871367,-169.85288856243835,179.2274360702592,71.60810888268725,257.0,0.05164774512774662,50.0,75.55714285714285,76.02244897959183,136.46153846153845,0.0,36.15,36.15,110.33333333333333,29.700000000000003,16.666666666666668,0.0,4.0,0.0,257.0,5.0,42.85714285714286,116.83601518557728,1774.198082607339,0.8282156869083142,-0.25597069597070127,21.18760473152954,-1.0637524631920021,-2765.461321441076,0.6149470070480454,1.4825605902640497,2.0,50.0,0.0,0.31969918216139304,-0.001960660423784807,20.275754093290377,0.490566941435454,89.1166236327979,1774.0,1470070.4786324785,7941.772607709751,8.24913286646227,30.574316076392602,68.34950346908334,114.49055564972835,148.5565073496369,168.6513441958849,178.9558686252996,183.22936388668288,183.93883157052704,67.95099237372493,88.43935021290102,93.4681472069103,124.76807843535455,154.92379957724236,173.93030244441533,183.90613874304344,188.06289364126783,188.70818032699432,2.117444333562836,67.4484185991449,82.98632334632615,63.75452860638543,49.588164550296085,43.95847813024053,42.526159117970494,42.38236604933774,42.36333526067532,42.15784105946005,4549.2891715254755,6886.729862540995,4064.639917822418,2458.9860634672414,1932.3477995268347,1808.474209326945,1796.2649519400566,1794.652174408377,1777.2835627946956,10.0,True
72,2555956.25,16.464999999999993,2555956.25,0.10999079698645076,0.0,0.0,0.0,0.0,inf,0.07142857142857142,0.14285714285714285,0.21428571428571427,0.2857142857142857,0.35714285714285715,0.42857142857142855,0.5,0.5714285714285714,0.6428571428571429,0.7142857142857143,0.19292394233698318,37.1996723733598,4892.2282601046145,3685.997282371966,3988.882859893779,4648.930817979821,4481.338747627642,4071.972571305919,1975.3801613202238,8.333333333333334,0.0,0.0,0.0,0.0,0.0,12.0,0.0,0.0,0.0,0.0,0.0,0.0,9.055064515013951,2.290913689211532,0.7770001346600163,1.2257905784654668,0.7770001346600163,1.2257905784654668,1.2158845401433922,0.5637298212176061,0.2274554664732086,0.5794279995190577,0.22745546647320872,0.5637298212176061,1.215884540143392,-54.051912994106644,-43.79212434341056,136.27010659712826,139.06192751981865,-20.357031717574955,6.454065935465054,32.150561453780654,57.400907684479996,78.7813832426911,101.35209814590132,117.55085696928126,129.74198372965563,1598.0,0.015753212978206498,50.0,117.60714285714286,211.484693877551,245.84615384615384,0.0,0.0,0.0,0.0,0.0,25.0,0.0,0.0,0.0,1598.0,1.0,42.85714285714286,427.28012307083577,3206.010943758687,3.322940994401704,32.35494505494506,24.655784053768386,-0.007461602017695118,-6082.6957665258815,0.999572198375858,1.7532916194493584,0.0,50.0,0.0,0.027267258100153926,-0.00017702534377625717,16.647713583711152,6.593698671397696e-06,410.7759286039144,3196.0,19661201.923076924,168736.8635204082,25.426450490858347,89.81310488789983,122.6051383467611,168.61554401638796,205.5631632420452,227.85574153907217,239.10450921388332,243.3593137095907,243.43725048560344,416.82398181142946,402.4976822037347,397.4286242022936,371.3763402641461,348.518028271222,335.37424139668144,327.2375492132401,320.54282610531914,313.92936612438234,2.195330647456242,416.0477465731197,392.3493218673555,378.0442981798554,330.89149947384317,281.4402280200622,246.08462536306303,223.4131761751659,208.6239386992344,198.21693164628007,173095.72742857083,153937.99036977373,142917.49138629943,109489.18442404836,79208.60194798461,60557.642840079076,49913.447288675714,43523.94779838191,39289.95199126606,2.0,True
73,1989609.8125,15.327499999999993,1989609.8125,0.10989455093220696,0.0,0.0,0.0,0.0,inf,0.07142857142857142,0.14285714285714285,0.21428571428571427,0.2857142857142857,0.35714285714285715,0.42857142857142855,0.5,0.5714285714285714,0.6428571428571429,0.7142857142857143,0.5497436542219539,32.237272807595154,3533.4097727295552,2787.055380450291,3026.9835453906194,3530.71235754779,3595.8680894092463,3134.5270403545055,1749.0016293591332,16.666666666666668,0.0,0.0,0.0,0.0,0.0,8.0,0.0,0.0,0.0,0.0,0.0,20.75,9.045002750450209,1.5998774094227453,0.9927619188913349,0.8795216561566376,0.9927619188913349,0.8795216561566375,0.6300582502793877,0.40211995103614334,0.024259646936470647,0.038175838551423626,0.024259646936470647,0.40211995103614334,0.6300582502793876,-55.40215923444377,-42.25222493728894,133.15855177848368,136.11944630516248,-21.759854592711903,10.220671547422189,28.981575409887377,53.035258851216426,78.12328248271244,123.06943036578716,118.30814254907824,127.37453818829209,1409.25,0.015239628940039976,50.0,109.48214285714286,185.68112244897955,226.96153846153845,0.0,0.0,0.0,20.0,0.0,25.0,0.0,1.0,0.0,1409.25,3.0,42.85714285714286,376.9814141401972,2954.760362976641,3.3204347220655084,27.55109890109891,24.551622900757202,-0.03921791107179416,-5486.419736921732,0.9997394498851796,1.7438165687001719,2.0,50.0,0.0,0.024075612598752863,-0.00023059393675343935,16.747128516849816,0.0008498106622980561,360.73348472598303,2950.5,15304690.865384614,130128.64700255104,22.41806365169065,80.60900117846373,113.54234959699384,158.29202413497725,193.7565357936758,215.0571305739207,225.79315545193563,229.8654071725768,229.9658372480388,364.64335565634985,350.19745938759223,345.1526638295911,323.7984013875204,307.8960961405135,300.0817565771024,295.4149592637873,291.0058678219609,286.0150035868536,2.1962848527360372,363.9535784223477,340.7938518966191,325.94247375366217,282.46953789101855,239.28729773183193,209.28327983790527,190.49264843526944,178.45534369191094,170.0596835690235,132462.207246432,116140.44949053475,106238.49619665675,79789.03983636557,57258.41085580237,43799.491219710966,36287.44910788316,31846.30969219806,28920.2959755964,6.0,True
74,250886.2,12.453000000000001,250886.2,0.08783289953771868,2.0,11.0,0.0,192.0,0.0018427518427518428,0.07142857142857142,0.14285714285714285,0.21428571428571427,0.2857142857142857,0.35714285714285715,0.42857142857142855,0.5,0.5714285714285714,0.6428571428571429,0.7142857142857143,0.8499145514073182,2.934419074701019,10.736974971117876,535.0887875539541,102.3732879865589,47.49917563929271,105.23381442580954,197.64462674649596,233.32139329668965,16.666666666666668,0.0,0.0,0.0,0.0,0.0,4.0,0.0,0.0,0.0,0.0,0.0,182.83333333333334,-1.573229224534247,0.6612932404900971,1.6243543028906697,0.3341399327194697,1.6243543028906697,0.3341399327194697,0.004666540559550883,0.8616586986699685,0.48317745977221144,0.35740619857837463,0.48317745977221144,0.8616586986699685,0.00466654055955081,-48.59881095236268,13.338696952609075,64.65393889108752,174.82529555222226,-114.09656567113991,-45.50790281662897,-18.88509546293355,81.0824827548468,36.86392648202499,134.41411851580864,219.3085374995703,176.07750931784867,240.0,0.044125549938398886,50.0,97.22380952380954,86.39863945578233,96.47692307692309,11.76923076923077,59.66666666666667,59.66666666666667,47.66666666666666,-17.0,16.666666666666668,0.0,4.0,0.0,240.0,4.0,42.85714285714286,133.86725834625454,1254.3507462191196,0.3136505478665549,8.83736263736264,17.162683751411045,-1.5273894775755539,-4529.204431123982,0.6575546167325935,1.8976291295184016,1.0,50.0,0.0,0.5640313583846485,-0.004030619784988604,18.012943858701995,0.6612068994701849,92.02159376375124,1254.2,1929893.8461538462,8467.973718820862,11.863247797539666,27.554196768546014,70.96113036456424,130.22572716278367,175.54603063750605,202.99436740182074,217.60765915581663,224.20294390985177,226.0008581498016,87.96461505108799,129.00031324186884,118.20021672580951,146.5971502122498,185.05115804030999,211.00415062149736,225.2639278259714,231.7507283913882,233.47419135034048,2.132446880755817,87.1609823991232,126.02320047094715,94.52940924078422,67.32001511643588,58.54504436308485,57.58505346558414,58.23009407780816,58.66378825216506,58.598721336294176,7597.036852780264,15881.847056940533,8935.80921141166,4531.984435277156,3427.522219475573,3316.0383826341836,3390.743856310389,3441.4400520948598,3433.8101422486584,8.0,False
75,595783.25,9.352500000000003,595783.25,0.11282024545000217,2.0,11.0,0.0,0.0,inf,0.07142857142857142,0.14285714285714285,0.21428571428571427,0.2857142857142857,0.35714285714285715,0.42857142857142855,0.5,0.5714285714285714,0.6428571428571429,0.7142857142857143,0.28608577375653055,28.04914991643506,1562.5482493740246,1123.8689473833028,755.1940330395067,584.3321238959785,516.3642005954159,452.6603831308555,208.8995913405563,8.333333333333334,0.0,0.0,0.0,0.0,0.0,11.0,0.0,0.0,0.0,0.0,0.0,0.0,3.977833812007428,0.13446239035676938,0.23636089984478398,0.18803444444320416,0.23636089984478398,0.18803444444320416,0.2492864951949936,0.25395934092276407,0.2695821492712369,0.258356157893336,0.2695821492712369,0.25395934092276407,0.24928649519499363,-33.83298296030088,-13.675080153753512,-6.255814287609842,303.8431159839089,6.434074845108213,12.37077536009314,30.680811072835187,24.965829870149324,41.224412602421395,18.48259146862302,26.504565214626954,-63.7599999146988,671.0,0.017901106861021185,50.0,85.67857142857143,134.6377551020408,94.88461538461539,8.346153846153847,0.0,0.0,0.0,0.0,16.666666666666668,0.0,0.0,0.0,671.0,1.0,42.857142857142854,206.29092667534223,1243.5045445318153,2.2499099228096155,19.32197802197802,18.892597130285736,-0.19775241436628568,-6610.618071241911,0.7915759358925776,2.143149548551183,0.0,50.0,0.0,0.5602292780019739,-0.0031409500472816196,16.172252858953158,0.0096550042943081,187.65694451986212,1233.5,4582948.076923077,35215.12882653061,36.125267237145074,35.798000006991785,49.727245159500285,82.89167843206482,111.50420906589906,129.7812307200347,139.92406522038968,144.78287772530123,146.40286821379257,197.04841962991702,218.91528983730257,215.20221710261333,198.0491031541448,183.55792316166153,177.6769508093271,175.92014052986454,174.92201841139072,173.48363070435929,2.193191184322332,193.70865944942346,215.96853317103773,209.37811570153954,179.86777617704692,145.80919901025007,121.35044706012904,106.62622480537998,98.16124919078499,93.07400443271688,37523.044745692714,46642.40732004963,43839.19533472728,32352.41690687625,21260.322516010707,14725.931001693181,11369.15181624743,9635.630842695386,8662.7703011414,2.0,True
76,3200.0,0.6400000000000001,3200.0,0.0308,0.0,0.0,0.0,0.0,inf,0.07142857142857142,0.14285714285714285,0.21428571428571427,0.2857142857142857,0.35714285714285715,0.42857142857142855,0.5,0.5714285714285714,0.6428571428571429,0.7142857142857143,0.19292394233698318,0.05620508291522025,5.329591591127912,3.1709310210321324,5.664545168294985,6.975959417464486,4.423621552760253,5.091016333147462,3.3768060967812863,8.333333333333334,0.0,0.0,0.0,0.0,0.0,12.0,0.0,0.0,0.0,0.0,0.0,0.0,8.594754954313531,2.3423226154868395,1.9649418253534567,0.29774224064377963,1.9649418253534567,0.29774224064377963,0.18072521543659087,0.8188493854456786,0.32046587446344615,0.435873882263104,0.3204658744634461,0.8188493854456786,0.1807252154365908,-57.05081645769411,-47.08505689061089,128.6496382185095,132.5386147577812,-20.21637383467661,62.98553689364537,22.848472285169148,55.93630437784229,71.29680693981197,88.89533761209246,111.28087453118444,122.67562571360689,56.0,0.013850965666781309,50.0,4.571428571428571,7.83673469387755,9.846153846153847,0.0,0.0,0.0,0.0,0.0,25.0,0.0,0.0,0.0,56.0,2.0,42.85714285714286,15.118578920369089,137.14237121612067,3.220088702764995,-0.8439560439560441,24.428965025894698,-0.06935897900774024,-224.00000000000006,0.9121607359408707,1.7652851348063803,0.0,50.0,0.0,0.01372454055670915,-0.0002936751295398692,16.751782217214362,0.01180768554658318,14.410880243335415,128.0,24615.384615384613,207.67346938775498,0.0027364578969838065,1.3740759039276647,4.584892043441907,7.71473456093936,9.839827600142987,11.035985179917622,11.618522975592139,11.833862611296508,11.836706584944269,15.270357275998881,13.346744049757726,12.943867037146926,13.171827243392647,13.3899609952602,13.541411681212578,13.567190059592452,13.471400800097518,13.286824144525967,2.194648965139752,15.270357030811368,13.275823595543466,12.104646166878313,10.676137109649188,9.081236053206291,7.847092546205828,7.005609893416976,6.4372614684993685,6.035898696092836,233.18380384845017,176.24749213998865,146.52245882532182,113.97990358402852,82.4688482540538,61.57686142871906,49.078569978741804,41.43833521382665,36.432073069495196,4.0,True
77,21626178.694444444,80.50916666666666,21626178.694444444,0.00924604786442,2.0,11.0,0.0,1123.0,0.000492772667542707,0.07142857142857142,0.14285714285714285,0.21428571428571427,0.2857142857142857,0.35714285714285715,0.42857142857142855,0.5,0.5714285714285714,0.6428571428571429,0.7142857142857143,0.7090260576130032,7698.851305983246,29336.726010398666,20946.110104192998,1682.9793464454378,434.44969156120544,4504.700129910878,1401.096899936735,2681.7156082843967,8.333333333333334,0.0,0.0,0.0,0.0,0.0,6.0,0.0,0.0,0.0,0.0,0.0,991.75,0.8802299706659689,0.5241439281756615,0.14236068956964004,0.4628393408996055,0.14236068956964001,0.4628393408996055,0.8727018815246987,0.5096120351506463,0.26631994364200157,0.21471132138112375,0.2663199436420016,0.5096120351506463,0.8727018815246985,5.963280545854004,-69.46063671189782,115.00263297556532,24.491747139389506,36.28682789933731,-103.33043601418491,9.768534564541403,-15.918885840875495,25.45082539434365,59.49915094863544,173.49292353036705,-53.926488443749676,3044.5,0.02089363441889057,41.66666666666667,683.797619047619,807.3299319727888,350.1410256410257,-234.19230769230768,138.33333333333334,138.33333333333334,90.66666666666667,-13.5,8.333333333333334,0.0,2.0,0.0,3044.5,3.0,28.57142857142857,1242.8704878639505,4554.89621388638,1.5333275710745555,-192.5564102564104,15.885661431670451,-0.4980811146536485,-51226.759481673726,0.7193963757527407,2.3897301894360927,1.0,41.66666666666667,0.0,0.733470666045083,-0.004687374120855195,15.334842879759872,0.012266554776610872,1037.8573436595136,4551.833333333334,166355220.7264957,1077147.8657879818,178.78606587982424,396.1734238837366,644.5209599948087,960.1273730750984,1201.2335297541224,1344.7799476908326,1417.6604367711025,1446.4250889420641,1448.9882403685945,848.6549913655092,1510.4674250833557,1707.7449529287287,1700.870929851565,1709.241773855854,1729.1921493248535,1737.3279287493099,1729.3209898710604,1708.6813238134812,2.1665851449402376,829.6088457922853,1457.586519025948,1581.4504596669847,1403.9648668987545,1215.9545421142843,1087.0475525823829,1004.2645159649595,947.8425755828696,905.5522876248036,688250.8370168078,2124558.4604461803,2500985.556380917,1971117.3474860378,1478545.4484883589,1181672.3815753486,1008547.2180263345,898405.5480875679,820024.9456225152,5.0,False
78,468384.1711111111,12.897333333333334,468384.1711111111,0.033701886391198234,2.0,11.0,2.0,99.0,0.006756756756756757,0.07142857142857142,0.14285714285714285,0.21428571428571427,0.2857142857142857,0.35714285714285715,0.42857142857142855,0.5,0.5714285714285714,0.6428571428571429,0.7142857142857143,1.0000000000000004,13.435905733657028,750.5112194437697,325.2811138379585,456.476952916767,455.31964144526506,411.37749092207565,648.4750896084089,331.26247527327814,8.333333333333334,0.0,0.0,0.0,0.0,0.0,1.0,0.0,0.0,0.0,0.0,0.0,60.875,4.935018098032782,0.5489864307421961,1.1041620837344106,0.32220520831955085,1.1041620837344106,0.3222052083195508,0.004966978867996019,0.2863829597475024,0.01619059349346006,0.307273885269271,0.016190593493460005,0.2863829597475024,0.004966978867996,-54.14300314580598,-17.527252837485634,84.59589248023683,95.73874900939742,-17.720527832396687,185.37495194199576,10.876411569791046,-11.572891649238404,39.39632684580569,-6.356053681769469,59.42330188814825,89.61483942347509,592.0,0.02677411183393515,50.0,102.12380952380953,97.28027210884353,124.18974358974361,-21.23076923076923,42.2,28.299999999999997,31.0,-28.4,16.666666666666668,0.0,4.0,0.0,592.0,4.0,42.85714285714286,182.90984725329093,1615.1505398697607,2.429280822650686,-16.670329670329682,20.020183021088044,-0.6567074890063719,-5114.930202273059,0.8448468416233209,1.7096668273814704,1.0,50.0,0.0,0.3401626674787736,-0.0025610487320118606,18.044592278003293,0.14896728766059075,151.74564161967518,1614.466666666667,3602955.1623931625,23026.739750566896,14.659797925008608,32.3655274426955,84.84740660214149,151.29053119287545,199.98878122244378,228.66062670419043,243.44409750600533,249.71057472285653,250.95149082183642,148.17552760755774,124.4118151088358,166.00173994047535,208.18606323363798,239.6067158947871,258.5626365315935,267.79416364204434,270.65115974350834,269.62995659890254,2.139483939567227,147.4485581705566,120.12814979026051,142.67969461754564,143.01262914895977,131.96918461158552,120.70192544204009,111.57367731785398,104.38715985257365,98.60863425595055,21741.07730657601,14430.772372031264,20357.495256156082,20452.6120960979,17415.865687046742,14568.954805415804,12448.685470228602,10896.679142086763,9723.662749823825,2.0,False
79,165610.55299026115,11.169365271805487,165610.55299026117,0.05986279626133443,2.0,11.0,21.5,115.6,0.004180602006688963,0.07142857142857142,0.14285714285714285,0.21428571428571427,0.2857142857142857,0.35714285714285715,0.42857142857142855,0.5,0.5714285714285714,0.6428571428571429,0.7142857142857143,1.0000000000000004,1.9406091376556454,85.11447502118818,22.643822104636047,49.62876311888993,48.000922768025404,255.63266765729725,174.36956374038394,82.2394511301017,8.333333333333334,0.0,0.0,0.0,0.0,0.0,1.0,0.0,0.0,0.0,0.0,0.0,79.53571428571428,-0.06566822655230276,0.4983504221972066,0.23104777579332675,0.29956576656359113,0.23104777579332672,0.29956576656359113,0.6607204284216338,0.6166287867761455,0.28652806392664587,0.028420369356995785,0.28652806392664587,0.6166287867761455,0.6607204284216337,-78.64316489079887,46.04688835632965,167.68311902370388,-19.974960283683284,148.92374819594173,115.55937798235475,-83.33259523901236,-119.74418385006032,-303.14283310771617,3.254363007152633,385.1153938473988,173.39817987386525,245.22222222222223,0.03212216849510237,50.0,85.27135908432491,56.72727537423634,104.78736559798432,5.959615384615384,64.08461538461539,42.611111111111114,115.6,39.48351648351649,8.333333333333334,0.0,5.0,0.0,245.22222222222223,5.0,42.85714285714286,108.76270138972313,1362.3344399156279,0.8789788325838003,-1.3688521800968085,17.70266523315404,-1.714424650128275,-3571.453329295181,0.7673169999089609,1.551503242559313,1.0,50.0,0.0,0.49631556675665783,-0.0037529150229493498,19.5606635232556,0.330019838874982,67.51385438191335,1362.235752773796,1273927.3306943164,4558.1205335022,5.072005911133838,26.514955370391153,68.88849085114407,123.52286241602977,164.31135396095348,188.59842379264768,201.27350508466466,206.77599050677637,208.02421890071295,55.415737657901815,59.22770867557783,90.56083670947157,135.5104565141478,172.32772456289516,194.92705849380818,206.76837707623153,211.78777026023593,212.71369323443315,2.0767079092574345,55.183138151131104,52.96110475306649,58.78470016740251,55.72419838116393,51.9482782442626,49.26654723011743,47.35121867145714,45.80119410827651,44.41891083965015,3045.1787362068208,2804.878616665282,3455.640973771413,3105.1862852233126,2698.623612543327,2427.192675977392,2242.137909672151,2097.749381744023,1973.0396401807895,2.0,True
80,2961720.25,9.002500000000008,2961720.25,0.12998919546841065,2.0,11.0,0.0,0.0,inf,0.07142857142857142,0.14285714285714285,0.21428571428571427,0.2857142857142857,0.35714285714285715,0.42857142857142855,0.5,0.5714285714285714,0.6428571428571429,0.7142857142857143,0.19292394233698318,168.80466765121966,2749.294321619122,2307.1709895302756,1898.7445584830857,1701.0645263185681,1724.303968427818,1854.807134492642,963.1506176555537,8.333333333333334,0.0,0.0,0.0,0.0,0.0,12.0,0.0,0.0,0.0,0.0,0.0,0.0,9.064115061464037,0.0,0.0,0.0,0.0,0.0,0.0,0.0,0.0,0.0,0.0,0.0,0.0,-1.8925079122793196,4.525712994305676,-1.0808003028262294,-5.320187104181605,-0.5363232727745061,-0.21120663194376257,-0.18803433825326563,0.6477004520177687,-0.08355218328812758,3.034588838685953,3.1827351220357607,2.350105250705265,1720.5,0.00591298585749254,50.0,125.75,227.82142857142858,138.5,132.34615384615384,0.0,0.0,0.0,0.0,25.0,0.0,1.0,0.0,1720.5,1.0,21.428571428571427,459.94722135107133,1810.5252867081394,3.3251038185730932,49.94835164835166,24.903705007348353,-0.009282502404906494,-6161.75,0.9997622076010916,1.734786209040574,0.0,50.0,0.0,0.010136731561905197,-4.9523139077988573e-05,16.770380793284353,0.0001121361588184433,442.42330852767174,1800.5,22782463.46153846,195738.38392857142,0.6353631725184447,3.241893942966572,30.958780699549145,84.74198254734651,130.4205402293655,160.0361649648356,177.12259975023895,186.04258973743438,189.91037633694415,315.4560768196412,327.455136815009,324.9405353178937,302.71817160053666,285.9312937071193,280.8529110793079,280.43370118975093,280.0973326701436,278.4683100368964,2.1923522033055125,315.45543697339946,327.4390886106892,323.4623709031339,290.61501649281166,254.4546863535969,230.7959782255088,217.41813498578998,209.38641448937838,203.66307631567702,99512.1327160784,107216.35675019879,104627.90539027657,84457.0878111172,64747.187407307385,53266.783565069534,47270.64542069919,43842.67057271777,41478.648654365286,3.0,False
81,22807.44611111111,3.5056666666666665,22807.44611111111,0.05481546779447249,0.0,0.0,0.0,0.0,inf,0.07142857142857142,0.14285714285714285,0.21428571428571427,0.2857142857142857,0.35714285714285715,0.42857142857142855,0.5,0.5714285714285714,0.6428571428571429,0.7142857142857143,0.6313247675185967,1.6863855927931666,57.12493148615926,10.05837762628049,4.617860572669829,23.355015855373033,32.864735879810766,16.458273049877068,4.194407159829202,8.333333333333334,0.0,0.0,0.0,0.0,0.0,7.0,0.0,0.0,0.0,0.0,0.0,42.625,1.6592501198065834,0.5874808874761464,0.3629403993750514,0.4276193554496149,0.3629403993750514,0.4276193554496149,0.07213926262739781,0.22337709327747515,0.1995661437876072,0.04470739646837074,0.1995661437876072,0.22337709327747515,0.0721392626273978,-55.32340471823768,42.49649663935673,35.0471499531011,77.40456653977839,213.53634421548978,-3.480011612712864,-172.8957729556451,-99.02114777141043,47.075805282458504,84.66569002381259,31.458850974615878,-15.261959274172835,113.75,0.054046090211385144,50.0,25.04047619047619,25.474829931972785,26.02307692307692,0.0,11.0,11.0,17.15,0.0,8.333333333333334,0.0,2.0,0.0,113.75,3.0,50.0,40.3621517470364,342.69069066839364,1.4078425511109258,-1.258534798534799,17.947282501182116,-0.8172679174413986,-1350.9410460932259,0.6750058219851194,1.640373941251907,1.0,50.0,0.0,0.5023897694032173,-0.0036271118565349104,18.317286110526222,0.14077101137734715,31.655613180050523,338.29999999999995,175441.89316239313,1002.0778458049884,0.07377697770870799,4.399249075815577,19.483515629109945,38.929224559073475,53.296228840256354,61.84260136706557,66.34040831382686,68.3482763914463,68.88045608339397,25.524404295885322,33.374886909713474,49.059990901106616,57.85298245091468,64.67642006496118,69.16811814110683,71.46983921597997,72.20970818617185,71.95789430521505,2.1355667225555255,25.52429767138303,33.08367699946757,45.025274301739586,42.79582986337655,36.64084201852271,30.979367703946647,26.587368096762823,23.297104340466003,20.818773320830797,651.4897716173692,1094.5296838050997,2027.2753259468914,1831.4830536950717,1342.5513038263396,959.7212233363326,706.8881423127616,542.7550706505599,433.4213225841362,4.0,True
82,644069.737025543,21.082567099567093,644069.737025543,0.06029975442562776,2.0,11.0,22.0,214.93333333333334,0.006433823529411764,0.07142857142857142,0.14285714285714285,0.21428571428571427,0.2857142857142857,0.35714285714285715,0.42857142857142855,0.5,0.5714285714285714,0.6428571428571429,0.7142857142857143,1.0000000000000004,34.71314508296979,7.068317494268202,1025.7716132058063,395.96234876860206,67.00689925859321,1128.9390196302884,284.13578977557506,274.52628695786245,16.666666666666668,0.0,0.0,0.0,0.0,0.0,0.0,0.0,0.0,0.0,0.0,0.0,156.34285714285716,0.001791382606077363,1.457024530054703,1.3380384840284103,0.020871201076297325,1.3380384840284105,0.020871201076297363,0.4539187683368964,0.3419231840743401,0.750307526745222,0.5225639697172597,0.750307526745222,0.3419231840743401,0.4539187683368964,-52.53650597813352,-28.082997700764892,2.973700588998333,48.86891780721314,-52.382930652971346,-75.94210775073297,217.74769442437199,253.50137611303862,43.215669015255465,155.91875122185485,42.01016525753922,-3.8582300883890888,500.5,0.04677649339706891,50.0,156.17037724180582,117.23727361074303,165.8820512820513,10.419780219780222,120.0,82.53571428571428,94.85714285714286,11.6,16.666666666666668,10.4,4.0,0.0,490.1,4.0,35.714285714285715,214.48771810085123,2156.579815705829,1.0982731163981052,1.1302316730888178,18.132754449542198,-1.3062396642884424,-7163.134140899371,0.7931028157844836,1.7199304857596074,2.0,50.0,0.0,0.4364496616059224,-0.0035317262830925813,18.100739769758924,0.44765184236687916,147.02310868792796,2156.4666666666667,4954382.592504176,21615.79448826228,5.92889641054916,54.344709421115816,142.15024773204013,240.0636255398776,310.5533733720251,351.6531183697083,372.49594182516114,380.9501421404348,382.11840756034053,157.74771709053437,165.52807640782407,164.23408412443476,249.13604560665172,319.3866414524711,361.074088085223,382.33549677490737,390.99927028014275,392.22384276258845,2.1170636408920025,157.63625989799507,156.35279542499055,82.2565587531568,66.62000385146409,74.59510054651683,81.9425495541562,86.18123588056359,88.07620883522756,88.45939992449185,24849.190434628246,24446.19663720894,6766.141457911535,4438.2249131690905,5564.429025544955,6714.581427435344,7427.205417901341,7757.418562786616,7825.065435001189,0.0,True
83,13148612.645833334,59.95583333333334,13148612.645833334,0.03571816199761603,2.0,11.0,0.0,433.75,0.003099173553719009,0.07142857142857142,0.14285714285714285,0.21428571428571427,0.2857142857142857,0.35714285714285715,0.42857142857142855,0.5,0.5714285714285714,0.6428571428571429,0.7142857142857143,0.8499145514073182,437.0271151259431,10410.346900347944,15013.59380191255,12449.972635232241,25073.67036964583,18373.907999709456,37633.50963406828,2420.984469283176,16.666666666666668,0.0,0.0,0.0,0.0,0.0,4.0,0.0,0.0,0.0,0.0,0.0,370.14583333333337,7.275931947549935,2.0689780410973935,1.0518624314551182,0.4384222503664996,1.0518624314551182,0.4384222503664995,1.2155668575434255,0.40669594740956194,0.37605951470704724,0.47211537093014205,0.3760595147070472,0.40669594740956194,1.2155668575434255,-61.879946828334894,-34.592429618581285,94.38687049657847,68.9941230600939,-6.243995652389289,13.894065886160162,86.91239564337737,39.482664920458845,196.78694223354495,60.461652505476046,122.34670966393988,60.51017345142299,3437.0,0.025575220443480484,50.0,428.2559523809524,513.7942176870748,831.5256410256409,-8.745141363201234e-15,132.5,132.5,283.75,115.0,25.0,0.0,5.0,0.0,3437.0,6.0,35.71428571428571,969.1164107368753,10809.858799488638,2.9104467122769693,-35.522893772893774,24.217739272611126,-0.3497561237072296,-15677.694281513826,0.9517612357703623,1.6028253831528312,2.0,50.0,0.0,0.025793320684897193,-0.00040230551694284686,18.208999481291038,0.10434865455855358,869.3580716884197,10809.833333333332,101143174.19871795,755783.4568098076,12.063100339376705,142.75917060928623,415.0163773602626,697.8754947271717,896.304827625455,1010.3477968433042,1067.2428887733618,1089.4842238079711,1091.472334991313,874.6481902200081,786.2346919468345,725.8222796030018,856.7656896654262,995.2436710295166,1083.2962235986286,1127.8879323341118,1143.6612415842176,1141.8135718858216,2.1604118585453542,874.5649994513487,773.1654480301628,595.4656901038569,497.0082905215752,432.6056179704699,390.8043467989213,364.861349374811,347.82921322898767,335.3004248301352,764863.9382653376,597784.8100276823,354579.3880908625,247017.24084717847,187147.62069961216,152728.03747693155,133123.80426760792,120985.16157549659,112426.37489126917,6.0,True
84,146009.0,4.429999999999998,146009.0,0.07897780273818737,0.0,0.0,0.0,0.0,inf,0.07142857142857142,0.14285714285714285,0.21428571428571427,0.2857142857142857,0.35714285714285715,0.42857142857142855,0.5,0.5714285714285714,0.6428571428571429,0.7142857142857143,0.28608577375653055,2.69291780200904,154.96406952840792,263.9318616662528,287.063542195628,172.36164927719912,275.38639765581615,291.3142712399922,98.42961864417828,25.0,0.0,0.0,0.0,0.0,0.0,11.0,0.0,0.0,0.0,0.0,0.0,0.0,8.573983110702395,1.7937960947506142,1.4505668151408062,0.5125178674679236,1.4505668151408062,0.5125178674679236,0.8360564656891838,0.5554304465978384,0.705318432280986,0.3590297917560224,0.7053184322809859,0.5554304465978384,0.8360564656891838,-57.66628691132271,-40.405769850778,129.85338116538807,129.04668026674895,-28.66926807512618,7.4722460326416185,102.2271028735979,44.98080110771104,76.87082487710155,94.57582159998759,110.12831193009778,112.19049917179186,378.0,0.05744129449661234,50.0,31.642857142857142,52.81632653061223,68.15384615384616,0.0,0.0,0.0,0.0,0.0,25.0,0.0,1.0,0.0,378.0,3.0,42.85714285714286,102.12352464400298,893.1205770560591,3.2150538418686385,1.8000000000000003,24.892657636102513,-0.07961916469077233,-1392.7235267190454,0.9116682949255289,1.7138811224285029,1.0,50.0,0.0,0.005374003359102852,-5.520464429013683e-05,17.103963583015418,0.015120469371524559,97.0975997517499,886.0,1123146.1538461538,9427.94387755102,0.018772041407595745,5.501484404842185,27.98959269294784,52.534691554505976,69.30813947009759,78.79669282269255,83.50759013550957,85.37039211170146,85.58492101353379,100.64536164901467,95.36178780636115,87.60851073469236,87.41526759390494,89.95809074720484,92.30985980316599,93.4439643451365,93.40912408279382,92.53626503485295,2.193331871120367,100.645359898365,95.20296341484716,83.0170696545812,69.86798402549574,57.34840794717705,48.08525155477917,41.931573572844606,37.90990124768348,35.18780529825252,10129.488469071419,9063.604242968728,6891.833854033587,4881.5351917869275,3288.83989407584,2312.1914170863924,1758.2568622948802,1437.1606126091135,1238.1816417077282,6.0,False
85,4152534.0,25.35499999999999,4152534.0,0.07887967684310353,2.0,11.0,0.0,37.0,0.008620689655172414,0.07142857142857142,0.14285714285714285,0.21428571428571427,0.2857142857142857,0.35714285714285715,0.42857142857142855,0.5,0.5714285714285714,0.6428571428571429,0.7142857142857143,0.6313247675185967,83.12120270830282,5153.578846395546,5994.132864691849,5386.152069409329,8075.989139426699,10007.896208572794,5670.550754948549,2763.616915293905,8.333333333333334,0.0,0.0,0.0,0.0,0.0,7.0,0.0,0.0,0.0,0.0,0.0,35.0,8.276958543969169,1.6079730914982093,1.8598996538113512,0.5019790498536588,1.8598996538113512,0.5019790498536589,0.890050484040124,0.05555645382236081,0.6170161692526516,0.19584170283194027,0.6170161692526515,0.05555645382236081,0.8900504840401238,-58.94447408836357,-45.499551791721096,125.30383960367422,128.24994158601976,29.439815275640033,-1.2594919836322376,29.503287083069768,66.96116383880008,67.94527283978039,92.73269619299391,103.02182869130998,120.01376404268413,2001.0,0.06780251406877204,50.0,182.14285714285714,286.81632653061234,382.38461538461536,2.230769230769231,3.5,3.5,37.0,0.0,25.0,0.0,3.0,0.0,2001.0,4.0,42.85714285714286,544.6187395128554,4973.225550380105,3.1507029024709063,9.428571428571432,24.54556583904557,-0.11958587947320069,-8059.59594757551,0.9059187211381696,1.6648353400799996,1.0,50.0,0.0,-0.038607204244998326,-0.000233708997062277,17.11736346114551,0.015008785719005324,513.2577822307306,4971.0,31942569.23076923,263433.55102040817,0.15807075551490346,25.768084821150616,149.8916024821116,294.6362670109229,395.6882629578513,453.67399529530365,483.03715462546364,495.2142941977251,497.3833495833937,526.1467221674906,479.86864828202,492.0611054717833,499.85926527381724,516.7297876950865,531.8093078423076,539.3285840747533,539.6994258506022,534.9842333658511,2.1893294948014086,526.1466984228169,479.1762988803422,468.67540902362066,403.792960862307,332.32585221256494,277.490623085738,239.89670454471454,214.56531193489442,197.02267257158766,276830.3482612307,229609.92540866302,219656.63902345815,163048.75524194856,110440.47204880755,77001.04590051109,57550.428851414064,46038.273085718545,38817.933507251044,9.0,False
86,140148.25,7.705,140148.25,0.04155449675611361,0.0,0.0,0.0,0.0,inf,0.07142857142857142,0.14285714285714285,0.21428571428571427,0.2857142857142857,0.35714285714285715,0.42857142857142855,0.5,0.5714285714285714,0.6428571428571429,0.7142857142857143,0.5497436542219539,0.013790463961547029,7.673943479350621,400.2872960278191,101.7180398312532,153.8995771199959,11.936271448923597,96.63183685849924,14.254623077656321,16.666666666666668,0.0,0.0,0.0,0.0,0.0,8.0,0.0,0.0,0.0,0.0,0.0,65.25,0.4575905286690607,0.06767527902001438,0.3408971167145294,0.35925798124511177,0.34089711671452944,0.3592579812451116,0.5963918228581297,0.4883024233069301,0.2808974639911459,0.9128227489045706,0.2808974639911459,0.4883024233069301,0.5963918228581297,-49.360614664168175,-53.11332230106655,75.59771843533592,-87.46850334762152,-82.7939029997436,36.72140436193933,33.38925911648401,322.9238602605934,285.2300783058041,-42.513935219913364,114.03982252159058,41.439325190299535,262.0,0.0502214697952533,50.0,55.035714285714285,67.05102040816328,80.07692307692308,0.0,0.0,0.0,42.0,0.0,16.666666666666668,0.0,1.0,0.0,262.0,4.0,28.571428571428566,100.05293241936633,1045.1026665912636,1.3716180806498177,-5.631868131868134,20.855680992478035,-0.6807274641352073,-2579.080275302591,0.7636412071522591,1.7878071637336925,2.0,50.0,0.0,0.2506677462503027,-0.0021313640610112947,17.494401794972756,0.3870477117410013,83.5563249477591,1041.0,1078063.4615384615,6981.6594387755085,5.943730858614596,21.915134877962025,49.160633679628646,83.4781421210408,108.74795084047311,123.60175826843954,131.19962219032138,134.34446599665196,134.86442745138203,95.21258629273905,98.34424235276745,71.23418935856171,91.17048782975017,114.10253678252627,128.38181365810271,135.81488007845587,138.9046900915336,139.39024213286856,2.1651134616885184,95.02688383837823,95.8713558223758,51.55135138663959,36.653207760494034,34.54377061361143,34.70584145492003,35.104711761276036,35.29982132390223,35.23103475730786,9030.10865203263,9191.316867220592,2657.5418297887873,1343.4576391339401,1193.2720882058045,1204.4954310940454,1232.340787842272,1246.0773854994227,1241.2258100706345,6.0,True
87,23874.72664731262,4.2576130536130545,23874.72664731262,0.08057945322396727,2.0,11.0,0.0,44.25,0.029182879377431897,0.07142857142857142,0.14285714285714285,0.21428571428571427,0.2857142857142857,0.35714285714285715,0.42857142857142855,0.5,0.5714285714285714,0.6428571428571429,0.7142857142857143,0.9624786378518297,0.3513561061665697,5.940869305020508,4.970614032006023,6.561739320077095,22.456352887440605,30.74640719600502,11.644592382267945,14.61150250512421,16.666666666666668,0.0,0.0,0.0,0.0,0.0,2.0,0.0,0.0,0.0,0.0,0.0,25.475595238095238,2.41670944601064,0.13344588861332413,0.4215865008249452,0.14729638564144226,0.4215865008249452,0.14729638564144226,0.022807462044524142,0.08890535048947347,0.4555729438424311,0.22649085375990863,0.45557294384243124,0.08890535048947347,0.022807462044524107,-73.82652582519364,-43.43172346270169,102.5425836482103,116.84172687806098,39.052247658528174,23.20882619599549,-62.45140999020806,88.04335078893428,97.93703363684448,318.234668621243,220.90861852040734,-53.92522883475128,107.28571428571429,0.038805451523481,50.0,32.067365967365966,18.323017458731744,29.718673634058252,3.5664335664335676,31.533333333333335,13.824675324675326,18.800000000000004,2.3142857142857167,16.666666666666668,0.0,4.0,0.0,107.28571428571429,4.0,42.85714285714286,41.295733649678475,387.595620884213,1.4022463345305596,1.39547756273031,18.80736274172981,-1.645963139231794,-1252.3090345801816,0.7388449376284172,1.4392251887277778,2.0,50.0,0.0,0.3384114567133152,-0.003184784875681811,19.42887778693062,0.428963940272576,26.019639843399176,386.3427572427573,183651.7434408663,677.0216575802059,2.522085240223234,12.4662683744406,27.726663414198214,46.229232338597065,60.08855229877992,68.3505196081517,72.63377398187636,74.4470508497826,74.79263626960048,26.859475391808743,25.37591500371421,34.01997817135834,48.67665663781346,61.726075653909064,69.94619419490604,74.32439241588507,76.22763640530069,76.63337495323375,2.1057952418217822,26.74080223860585,22.102697009463576,19.712712920738742,15.24057016058127,14.12353703110145,14.855186018598975,15.762302659832882,16.379535149344363,16.69538009648652,715.0705043642276,488.5292150921501,388.5910506954602,232.2749788196002,199.47429826889393,220.67655164717846,248.4501851401747,268.28917170860746,278.7357165661582,3.0,True
88,1647249.361111111,13.09416666666667,1647249.361111111,0.12620982433392286,2.0,11.0,0.0,86.66666666666667,0.005434782608695652,0.07142857142857142,0.14285714285714285,0.21428571428571427,0.2857142857142857,0.35714285714285715,0.42857142857142855,0.5,0.5714285714285714,0.6428571428571429,0.7142857142857143,0.7090260576130032,46.47537171810941,1311.9246376345202,936.8663955671022,1818.5182650769602,193.962779991989,1104.6268328877236,1579.3450257598072,219.35821964024237,8.333333333333334,0.0,0.0,0.0,0.0,0.0,6.0,0.0,0.0,0.0,0.0,0.0,79.25,7.440617098875546,0.0,0.0,0.0,0.0,0.0,0.0,0.0,0.0,0.0,0.0,0.0,0.0,-7.631947961099109,25.061547600521223,9.787379468705913,5.231125853418116,-33.103460205080964,-71.45822286744337,137.59123023391578,11.541632053928504,-44.490799680370486,-11.61751024720231,75.20632212782483,-53.44868639317361,1229.5,0.005132894651094118,50.0,137.4404761904762,182.5969387755102,173.80769230769232,94.57692307692308,24.5,24.5,57.0,0.0,25.0,0.0,3.0,0.0,1229.5,4.0,42.857142857142854,343.01700927329193,2261.609633525586,2.9640957510465062,40.546886446886454,23.805690409819178,-0.24990305772858862,-5926.927763869791,0.8871150642045598,1.641435378817412,1.0,50.0,0.0,0.07457865882475709,-0.0006142163606644242,17.803067514265777,0.06808890576829274,314.2781954818514,2259.5,12671148.93162393,98770.7841553288,4.014655409486652,17.74403176046626,65.67752408638462,135.9131296671904,190.9244134966895,224.9160967123797,243.53086125197055,252.4317367751467,255.46172372159137,234.1977699105147,201.53376890059383,221.57924704418363,256.7128546558269,282.68737384143486,300.3489665035725,310.03646853247136,313.60006999867903,313.04000751659737,2.1605642393210838,234.16335745159077,200.75111293380547,211.62189289047987,217.78225577308453,208.4706685850848,199.05338761104164,191.87321709389138,186.0731634918358,180.92361376886285,54832.47797300147,40301.009344161524,44783.82555054973,47429.11092961321,43460.01966031227,39622.25111943158,36815.331437959576,34623.22217185946,32733.354019184662,7.0,False
89,3726894.375,37.46000000000001,3726894.375,0.10944337653116343,2.0,11.0,0.0,388.5,0.0008503401360544217,0.07142857142857142,0.14285714285714285,0.21428571428571427,0.2857142857142857,0.35714285714285715,0.42857142857142855,0.5,0.5714285714285714,0.6428571428571429,0.7142857142857143,0.7821952376742991,13.426979820100893,15487.786670929461,3071.3960836799038,818.0561791792907,272.0116267666983,2751.9047405135184,4379.0129308993,2683.0249808971716,8.333333333333334,0.0,0.0,0.0,0.0,0.0,5.0,0.0,0.0,0.0,0.0,0.0,377.375,1.1257685991803328,0.3977437784395157,0.23442904786292557,0.9363894163152776,0.23442904786292557,0.9363894163152776,1.0571576807534488,0.5484009083993083,0.13566446430795512,0.5674318091567293,0.135664464307955,0.5484009083993083,1.0571576807534488,-42.234928237461624,97.34524860533632,154.4320517805464,8.129237544446061,-74.92940146519584,-97.82507182002172,72.84285922954412,48.8826306101994,-123.08497871591514,23.95563091302028,147.1358730219067,87.04177755897739,1374.0,0.043633114695499145,50.0,287.9642857142857,331.0255102040816,342.61538461538464,36.23076923076923,51.75,51.75,121.25,0.0,8.333333333333334,0.0,1.0,0.0,1374.0,4.0,50.0,515.9522662722092,4457.039039523351,1.5719604214075653,61.45054945054947,17.922051553203126,-0.5718038662943632,-17618.641693245452,0.7085922973060869,1.9034792379174441,0.0,50.0,0.0,0.6427486101216457,-0.003640087772638389,18.03735452905178,0.05546344458703911,428.11600206543295,4454.0,28668418.269230768,183283.3112244898,71.98134156671249,153.85848230209186,242.85928035221303,366.9942047962487,465.59998231982235,525.7543713866128,557.2195590264884,570.5092047805641,572.8825006658267,302.26350655277497,593.4809062573386,691.1702607477471,673.5730547235698,663.8925835398674,668.1691717884559,672.2524553576978,671.2218567165795,665.258425125496,2.1730221707175534,293.56756268333817,573.1903292238354,647.0979054895124,564.8149375641638,473.2547083157448,412.3498309643629,376.0714383900741,353.63544533134797,338.1928630697642,86181.9138598357,328547.1535157288,418735.699288914,319015.9136956102,223970.0189430207,170032.38309633866,141429.72677277928,125058.02819470079,114374.41263132427,4.0,False
90,15962.636488449547,1.8423511904761902,15962.636488449547,0.01025432832288269,2.0,11.0,0.0,0.0,inf,0.07142857142857142,0.14285714285714285,0.21428571428571427,0.2857142857142857,0.35714285714285715,0.42857142857142855,0.5,0.5714285714285714,0.6428571428571429,0.7142857142857143,0.28608577375653055,4.325431057489338,32.259931633970844,21.91336065194322,12.433556447827973,6.99156613004702,4.172355320365576,2.131408449852179,0.6071685529868814,8.333333333333334,0.0,0.0,0.0,0.0,0.0,11.0,0.0,0.0,0.0,0.0,0.0,0.0,0.0132971198720373,0.3496326807688493,0.0179190138935806,0.6566216727554662,0.017919013893580638,0.6566216727554661,0.8375237114321845,0.16812999066016537,0.24859477262940136,0.09420131150542033,0.24859477262940136,0.16812999066016537,0.8375237114321845,23.020032795207868,-5.282669943637811,-20.139310163216134,43.93955914959925,-226.94270502891015,125.77446482717637,-25.610497439555246,-125.58377870251483,169.96020863493004,-25.42224163432234,-23.245602972732186,175.52270754008583,78.6875,0.019415732747846706,50.0,15.603528911564625,24.519831146744423,6.842032967032967,-5.263736263736264,0.0,0.0,0.0,0.0,8.333333333333334,0.0,0.0,0.0,78.6875,1.0,21.428571428571427,33.76667470455951,99.06973764661244,1.4091635583721205,-5.268426216640505,14.370597194559416,-0.3245382364809294,-1424.6903718236945,0.6102850661339958,3.5242113825089745,0.0,50.0,0.0,1.0196804483504631,-0.005466550014226583,13.649683627083135,0.03235911236029099,29.94525348213814,88.94642857142857,122789.51144961189,896.7182061095064,4.166393706967944,10.193857329500684,15.147887410613313,21.680861602551317,26.813863272903948,29.901825588658646,31.473064347928517,32.08832834002323,32.13312853089458,25.948185361689628,44.25259721145603,47.8960521027839,46.18593545514657,44.420211871205254,43.41918376070019,42.68204132229026,41.92353695891178,41.08029112390184,2.1723389408580385,25.611510830935796,43.0624852128294,45.4375760139994,40.780888588136236,35.41429032276063,31.48184151079619,28.830589171725997,26.9800321624735,25.593990889299317,655.9494870431416,1854.377632705151,2064.573314027973,1663.0808740379805,1254.1719590647772,991.1063449108902,831.2028719888442,727.9221354881045,655.0523696415364,1.0,False
91,13374.334444444445,2.5563333333333333,13374.334444444445,0.06509416751039158,0.0,0.0,0.0,0.0,inf,0.07142857142857142,0.14285714285714285,0.21428571428571427,0.2857142857142857,0.35714285714285715,0.42857142857142855,0.5,0.5714285714285714,0.6428571428571429,0.7142857142857143,0.4647704321725439,0.8967071051823886,5.398577945901332,11.276602264499108,0.5646438064191142,20.649703512665596,38.25791557881317,16.050456589445144,1.7164212978894449,16.666666666666668,0.0,0.0,0.0,0.0,0.0,9.0,0.0,0.0,0.0,0.0,0.0,47.375,-1.3726911145333993,0.03621917307836623,1.010847037458689,0.05817377047788565,1.010847037458689,0.05817377047788567,0.2663575785158346,0.4914994134328836,0.45568638724322624,0.337385670669679,0.4556863872432261,0.4914994134328836,0.2663575785158345,-60.52811374573245,31.176138177425496,118.8039765999268,-72.37760029706553,132.97369855120525,-100.06104628296143,-217.92607793473857,265.14340853846295,198.12619140020934,38.38628579121411,149.54926215624505,-111.12082561080116,63.0,0.04972960686891033,50.0,18.25952380952381,23.47653061224489,31.584615384615386,0.0,0.0,0.0,38.5,0.0,16.666666666666668,0.0,1.0,0.0,63.0,4.0,35.71428571428571,30.908083136529243,415.31734529333664,0.7020794140847817,0.28959706959706966,21.753695935098406,-0.7577993005040542,-721.4384843957214,0.798554281092891,1.4350753570587422,2.0,50.0,0.0,0.12001692160198964,-0.0016695278048065338,18.791491373673086,0.24602674353774434,24.937910767023695,410.6,102879.49572649572,621.8993934240362,2.17828966542478,4.8151725297232995,14.267407467321448,26.687385623832878,36.07720707513186,41.73958115378459,44.74685645864377,46.10097384778954,46.467759066040806,23.69994201540342,22.57903364895572,25.945355990049446,32.72793649271013,39.61725752370989,44.15238597986071,46.59087971988178,47.624801995933886,47.793197365741484,2.1406753023489666,23.599625117085818,22.059620894967182,21.670315678637795,18.944689906031858,16.369551715242633,14.395851931067877,12.978016417851448,11.950814844073713,11.177525746832432,556.9423056669879,486.6268740296727,469.602581611815,358.9012756357053,267.962223358003,207.24055282123075,168.42891014202175,142.8219754373326,124.93708182110193,8.0,True
92,25622.77777777778,2.4433333333333334,25622.77777777778,0.0650395698271937,0.0,0.0,0.0,0.0,inf,0.07142857142857142,0.14285714285714285,0.21428571428571427,0.2857142857142857,0.35714285714285715,0.42857142857142855,0.5,0.5714285714285714,0.6428571428571429,0.7142857142857143,0.37678366460774576,0.5073331942699362,40.44390509422718,43.92943182837784,9.945508458016915,18.62290048058303,28.88878550484509,59.75274018586355,46.54841975397985,8.333333333333334,0.0,0.0,0.0,0.0,0.0,10.0,0.0,0.0,0.0,0.0,0.0,9.0,4.161245069056641,0.40544235801912804,0.287705959555689,0.34719653795904476,0.287705959555689,0.34719653795904476,0.6365575996729139,0.6822560644194612,0.33681506361878527,0.11019074642825402,0.33681506361878527,0.6822560644194612,0.6365575996729139,-58.423156214500445,41.13342187132978,89.50963538191644,81.62712389743851,-39.4180068136895,-32.742309357850694,19.732568626109032,137.35777627922522,30.52760084182125,13.016514878947122,94.6361417321227,125.0523766337732,139.33333333333334,0.08219527299208848,50.0,17.452380952380953,25.775510204081638,37.58974358974359,0.0,0.0,0.0,12.0,0.0,16.666666666666668,0.0,1.0,0.0,139.33333333333334,4.0,42.85714285714286,42.78081827990686,493.8289628224563,2.3469180439126838,-0.36849816849816913,22.489008320620876,-0.29028838193869905,-855.1666666666667,0.8639879047150226,1.5683094743037427,0.0,50.0,0.0,0.22411037972416908,-0.0012913671493949795,18.39335685389559,0.03685712996423307,39.05909384242527,488.6666666666667,197098.29059829062,1525.6128117913836,0.4602507788185105,2.3123062726645824,11.880249712912562,26.0703645218647,36.77476705059966,43.20213580898741,46.631716997691434,48.21285276325555,48.69549300165802,30.399865579117346,39.96675282702124,44.10149644702548,45.5297345405156,47.659322412774024,49.67654473566193,50.86173396937921,51.2324345167399,51.01502610093748,2.1744892830453018,30.396381305165267,39.89980665664441,42.47118618105506,37.326837811779846,30.315466699671216,24.52212385614324,20.307608234824702,17.32868070398563,15.20795349167031,923.9399964490005,1591.9945712376054,1803.8016556258422,1393.2928210269179,919.0275212188743,601.3345584160294,412.39895221912,300.28317494068386,231.28184940480716,8.0,True
93,20292.0,0.8700000000000007,20292.0,0.12958998620145873,2.0,11.0,0.0,0.0,inf,0.07142857142857142,0.14285714285714285,0.21428571428571427,0.2857142857142857,0.35714285714285715,0.42857142857142855,0.5,0.5714285714285714,0.6428571428571429,0.7142857142857143,0.24856441160836004,1.0512071575001698,13.490049119378392,21.326219046792914,10.930900566877476,14.566791667139462,10.945101912599982,12.211105061583844,6.047709379852479,16.666666666666668,0.0,0.0,0.0,0.0,0.0,11.0,0.0,0.0,0.0,0.0,0.0,0.0,8.937867977808788,0.9386730946752989,1.1096006862148136,0.43616109699624395,1.1096006862148136,0.436161096996244,0.2512019446877436,0.1958526196956395,0.012230236622135848,0.01930955900581536,0.012230236622135848,0.1958526196956395,0.2512019446877436,-0.23542720661826472,-0.15815981049192396,0.872899099621627,-2.7140826963466225,-0.17028124039211345,-2.2152208216486615,-31.08118318939617,8.678326822945554,36.42453160997238,-1.1655864066206456,5.077569824264834,0.537386512172673,142.0,0.004577273136574739,50.0,11.285714285714286,18.6734693877551,12.153846153846153,10.923076923076923,0.0,0.0,0.0,0.0,25.0,0.0,0.0,0.0,142.0,0.0,28.57142857142857,38.07136156520504,168.12803657970264,3.295067385277098,4.057142857142858,24.770571884201633,-0.058967980049247366,-529.0039267875441,0.9950130866872666,1.7465632445529027,2.0,50.0,0.0,0.0022739557023291573,-0.00011799160241058913,16.797034125138648,0.01066494051974487,36.36015985236858,158.0,156092.3076923077,1322.0612244897961,8.256280493818784e-05,0.12289930599989926,2.931753460963563,8.266389895587446,12.752696841488781,15.646992305270004,17.311062536576678,18.17663588752809,18.549467267031957,26.882499468870733,26.986489380901705,24.070113453618756,22.994166428089706,23.16110593553012,23.86802108978741,24.477138490388974,24.790745306096714,24.830256094937532,2.192270178403102,26.88249946874395,26.98620953127922,23.89090168482987,21.45689837364239,19.334051603994713,18.023708345991334,17.30483812499882,16.857964309013774,16.50632853936612,722.6687776870187,728.2555048661053,570.7751833142067,460.3984878168174,373.80555142593056,324.8540625413577,299.45742253241275,284.1909606439823,272.45888184949246,3.0,False
94,7274322.944444444,50.55916666666667,7274322.944444444,0.08893557550865767,2.0,11.0,0.0,712.5,0.0014245014245014246,0.07142857142857142,0.14285714285714285,0.21428571428571427,0.2857142857142857,0.35714285714285715,0.42857142857142855,0.5,0.5714285714285714,0.6428571428571429,0.7142857142857143,0.7090260576130032,115.68743530170508,41.85329595032975,33269.610640963714,943.8125238613117,13319.49279467797,1663.7064704677027,7258.415921619256,1621.968831224757,16.666666666666668,0.0,0.0,0.0,0.0,0.0,6.0,0.0,0.0,0.0,0.0,0.0,579.0,0.009324317774496382,1.2186013554551327,0.4027506012668617,0.325361030607013,0.4027506012668617,0.325361030607013,0.02855887650409782,0.1501654943791449,0.20879915083073092,0.04091685084628377,0.20879915083073097,0.1501654943791449,0.028558876504097865,-45.346531795398015,-69.95193662531729,191.52924591716618,185.49797710353351,-95.80737959211648,-50.758631225860775,-133.47385489045547,191.27645592652001,356.785466366893,-3.0510948509946223,199.51803732498462,153.52412969379083,1797.0,0.05796826750381687,50.0,388.16666666666663,513.6904761904763,470.52564102564105,51.397435897435905,23.666666666666668,23.666666666666668,178.5,-3.0,16.666666666666668,0.0,2.0,0.0,1797.0,4.0,28.571428571428566,720.8290338434947,6119.187267925308,1.2759126182378608,53.33772893772894,19.294555583540436,-0.8147210025120885,-19822.242090067783,0.5254978637753901,1.929437001942965,2.0,50.0,0.0,0.3772665163416354,-0.002934228557036346,17.035492517462608,0.7461390181202072,607.388783993115,6116.833333333334,55956330.34188034,368921.1349206349,75.79172625406987,89.1855911205379,226.01256809244092,469.849341003583,668.0462549679713,792.3568382371817,861.3160438356275,894.9820195496266,907.1917291420708,696.6751724939011,832.98462390706,582.4607850555997,615.8503985986082,754.2014361207639,857.1399050265331,916.370803948097,944.7545605598513,953.6380947412965,2.1746999992697873,692.5401867045947,828.1964223552686,536.822955164778,398.13730070487424,350.0485787285689,326.8936488946685,312.842009582832,302.60265098229,293.98772477440195,479611.9102008349,685909.3140020665,288178.88519184524,158513.31021256346,122534.00746989109,106859.4576876708,97870.12295982477,91568.36438150963,86428.78231802951,8.0,True
95,15616738.643419292,56.9916596736597,15616738.643419292,0.11732383428708289,2.0,11.0,0.0,727.6,0.0007890264627336733,0.07142857142857142,0.14285714285714285,0.21428571428571427,0.2857142857142857,0.35714285714285715,0.42857142857142855,0.5,0.5714285714285714,0.6428571428571429,0.7142857142857143,0.9624786378518297,555.295422600871,5642.311840830162,17374.896679319994,9992.657556838427,7748.47945436961,5559.664980038433,10593.637814905886,4496.718080793169,16.666666666666668,0.0,0.0,0.0,0.0,0.0,2.0,0.0,0.0,0.0,0.0,0.0,620.7,6.662542709664672,0.0,0.0,0.0,0.0,0.0,0.0,0.0,0.0,0.0,0.0,0.0,0.0,2.8836290413164107,-6.026956148539702,-59.081005676008594,203.99589888562883,-38.94140827901859,-26.1761094707278,93.74489212326043,-125.71619587298024,11.202403574767303,132.59206694745964,-35.93355182140647,-85.53391022772982,3635.0,0.005959166646672445,50.0,536.904711954712,550.7973074544503,627.9538461538461,279.61538461538464,189.5769230769231,189.5769230769231,411.43333333333334,-54.54545454545455,25.0,0.0,3.0,0.0,3635.0,3.0,42.857142857142854,1056.163496657978,8163.608148953443,2.747899470347389,84.26189861420633,22.348775719129307,-0.5153900586149005,-22983.622585320012,0.8956791193752212,1.618771370574933,2.0,50.0,0.0,0.15713982979501998,-0.0013634867730192128,18.194449073423655,0.13269496577863493,909.5134204362431,8163.400000000001,120128758.79553302,827214.6619536343,22.36103150974072,91.06520670710306,290.3135281311353,587.8213076104985,822.0215817167215,966.8501623473259,1046.0941207202854,1083.8770581973156,1096.601439003059,811.1287583654218,635.7825471539069,561.071192380318,723.6144038092677,904.1918816283176,1030.4352251337334,1104.1837081509996,1140.8536723718285,1153.6983550963942,2.1353938153819163,810.8204776134179,629.2269665175694,480.1238780805683,421.99990014136944,376.6211332287353,356.3671095448593,353.4243227913789,356.03037016218184,358.44829268465674,657429.8469172511,395926.5753929024,230518.93830312445,178083.9157193258,141843.47799449676,126997.51676535777,124908.75194054481,126757.62447782024,128485.17852854532,3.0,True
96,49295.00619834711,5.617727272727272,49295.00619834711,0.03568647612914708,2.0,11.0,0.0,61.0,0.022727272727272728,0.07142857142857142,0.14285714285714285,0.21428571428571427,0.2857142857142857,0.35714285714285715,0.42857142857142855,0.5,0.5714285714285714,0.6428571428571429,0.7142857142857143,0.9249572757036592,11.435938576899915,13.683044792628882,26.526994944906136,3.886334825074364,5.248044553219493,24.72613678335534,1.3308661998950908,1.2357273829610622,8.333333333333334,0.0,0.0,0.0,0.0,0.0,2.0,0.0,0.0,0.0,0.0,0.0,30.125,1.617353101771971,0.0,0.0,0.0,0.0,0.0,0.0,0.0,0.0,0.0,0.0,0.0,0.0,-24.814902274391798,-34.87636869157973,-177.01809955347352,225.31119928441413,-13.060889016399631,20.200860108471193,-137.045331555106,11.358604591751478,158.55135261800896,71.8741479010165,147.5200854274811,173.18154209671246,145.0,0.019656792232794894,41.66666666666667,47.48376623376623,25.552875695732837,27.692307692307693,-6.461538461538462,43.0,17.25,27.272727272727266,0.0,8.333333333333334,0.0,3.0,0.0,145.0,2.0,35.71428571428571,59.33862040282457,362.2778375349987,1.1363858653219676,-3.794505494505498,12.176906315470026,-1.6398954863138897,-2895.42232670653,0.7558678580671239,2.916131777291003,1.0,41.66666666666667,0.0,1.0038401559310377,-0.0065947338949011265,14.701036776879052,0.13214198872356175,35.58600589512047,360.0,379192.35537190083,1266.3638155675492,8.74255859139943,20.484619392656818,40.277212748802064,65.38082454499074,84.25326302685905,95.47815245992714,101.26003834830837,103.66507195232036,104.06641986740651,36.76827241157794,55.20004161644488,63.54084431321686,73.81371625926973,87.07208319448041,96.85087403915361,102.46080572369868,105.02951707415812,105.64756076527846,2.1254207742446454,35.71377220916255,51.258413580555086,49.14453203790021,34.260947007067884,21.97578988690569,16.24851393164629,15.640375419044293,16.874605593942512,18.209540126918625,1275.4735254079515,2627.424962795234,2415.1850292242,1173.812489821114,482.93534115342646,264.01420498690356,244.62134324864496,284.75231395111587,331.5873516338596,2.0,True
97,21609.0,0.7350000000000007,21609.0,0.13,2.0,11.0,0.0,0.0,inf,0.07142857142857142,0.14285714285714285,0.21428571428571427,0.2857142857142857,0.35714285714285715,0.42857142857142855,0.5,0.5714285714285714,0.6428571428571429,0.7142857142857143,0.09750399798300154,1.260548369714028,19.210847481635593,17.13388704662114,14.842929911539974,13.283297140694428,12.763893131991152,12.896023312471847,6.520270639314266,0.0,0.0,0.0,0.0,0.0,0.0,13.0,0.0,0.0,0.0,0.0,0.0,0.0,9.076923076923077,0.0,0.0,0.0,0.0,0.0,0.0,0.0,0.0,0.0,0.0,0.0,0.0,-0.21417220678677462,-0.040950864142717175,-0.9687647335117614,-5.254482680904825,-0.38335245658581946,-0.19334741671588226,-0.08621279951082578,0.659527905967269,0.030126188660430684,3.0737366090155227,3.2964400916047336,2.3944757569283324,147.0,0.005827912109236479,50.0,10.5,19.5,11.307692307692308,11.307692307692308,0.0,0.0,0.0,0.0,25.0,0.0,0.0,0.0,147.0,0.0,21.428571428571427,39.287402561126385,159.00340132119393,3.3282011773513744,4.200000000000001,25.0,0.0,-514.5,1.0,1.7499999999999996,0.0,50.0,0.0,2.946762833744287e-16,0.0,16.666666666666668,-2.220446049250313e-16,37.85828839237189,147.0,166223.0769230769,1433.25,6.97513352067501e-05,0.08942911649147232,2.3914150060276134,6.891949409310724,10.71832955270239,13.202507569094124,14.639028827547053,15.392288976324982,15.72254299958013,27.610720911041355,27.778951723247214,27.26277997894957,25.293833033983017,23.811799993772023,23.352985342673776,23.314430692740363,23.29551741875047,23.171842705011372,2.193133702364433,27.61072091095325,27.778807772754085,27.15769331974937,24.33678333080426,21.26309550707676,19.262806605039376,18.14556456858921,17.485953559260384,17.021631413355845,762.3519092225512,771.6621612756228,737.5403064495596,592.2790228905121,452.11923054306783,371.05571830314864,329.26151351284017,305.75857187661086,289.7359359721425,1.0,True
98,8522006.6525,82.0895,8522006.6525,0.06297997084613283,2.0,11.0,0.0,1013.5,0.0016361256544502616,0.07142857142857142,0.14285714285714285,0.21428571428571427,0.2857142857142857,0.35714285714285715,0.42857142857142855,0.5,0.5714285714285714,0.6428571428571429,0.7142857142857143,0.9624786378518297,804.7554432224105,15504.491900696567,4364.569648534385,6235.243143589321,6443.091683615531,1009.5861555630663,20.45384175504694,392.10378720136765,8.333333333333334,0.0,0.0,0.0,0.0,0.0,2.0,0.0,0.0,0.0,0.0,0.0,693.0,-0.40725117143697886,0.6375214565396634,0.9703075679964878,0.2338913371604861,0.9703075679964878,0.23389133716048616,0.2632454046505107,0.470749823925229,0.20938871922301375,0.4868732865424785,0.20938871922301378,0.470749823925229,0.2632454046505107,25.309643442241587,-82.87979948327563,6.903913010876788,-26.313046623898515,-21.022518383669517,188.97726362648083,15.701710048616619,-96.58549415832178,-120.78850705696603,102.00086035096069,-298.82740785689805,225.23628217794823,1724.0,0.06293070283919612,33.333333333333336,594.032142857143,411.1913265306124,416.4153846153846,16.53846153846154,483.85,345.35,447.0,0.0,8.333333333333334,0.0,3.0,0.0,1724.0,3.0,28.57142857142857,780.2017437130329,5414.41816549496,0.7666357947033922,-1.1932967032967143,10.565302168642475,-1.5680472724412318,-39525.60646452353,0.524363247611815,2.8879518877479957,1.0,33.333333333333336,0.0,1.0239314388188079,-0.007423558884698153,12.979903071039374,0.1200314559459088,505.80685458523413,5413.4,65553897.32692307,255840.57414540817,11.417801959441235,129.07138342405233,479.08252520201717,914.9244413913544,1234.887012031467,1424.4278090882676,1523.443938047695,1566.8420858340348,1577.3246107347659,487.5030935656245,596.2283985622557,908.6269852380684,1196.4320489787085,1414.8598297752624,1548.624300139046,1616.1943764009195,1640.6179624597246,1638.852163872486,2.1077017889577188,487.36936714823287,582.0900971783606,772.064072696612,770.9493591463122,690.5667277154898,607.6533877772314,539.63212463278,486.44956244686676,444.84096866177936,237528.90003446903,338828.88123311324,596082.9323488794,594362.9143681094,476882.4054276795,369242.6396771464,291202.82993568823,236633.17680474813,197883.48739995016,1.0,False
99,231006.84099112032,10.913279881350535,231006.8409911203,0.09755127437446441,2.0,11.0,0.0,114.4375,0.005605058924978442,0.07142857142857142,0.14285714285714285,0.21428571428571427,0.2857142857142857,0.35714285714285715,0.42857142857142855,0.5,0.5714285714285714,0.6428571428571429,0.7142857142857143,0.9107950720287574,0.9476429406157182,197.90381603489632,41.06780604970016,46.15291907533833,59.192268828181184,270.9700967892736,59.380525014754966,38.037917503074794,8.333333333333334,0.0,0.0,0.0,0.0,0.0,3.0,0.0,0.0,0.0,0.0,0.0,85.09233904682274,2.897154230328474,0.3247801770547632,0.08762783722187785,0.06275141141160226,0.08762783722187786,0.06275141141160223,0.007581896912369693,0.15445049660145396,0.1802062434610568,0.4427057351281426,0.1802062434610568,0.15445049660145396,0.007581896912369693,-17.211269083287103,-22.13643848446815,-38.043923180291735,305.22321734903807,110.97705454270599,-56.695744519473735,30.475344893474645,-47.26768745309212,-108.09960521667368,64.14188776508254,-54.57636381659903,-18.531518024073254,361.25,0.025770230739474535,50.0,90.85378486678952,65.04431600638344,86.04794828916903,27.78846153846154,71.58333333333334,47.12900641025641,56.96894409937888,1.826086956521742,8.333333333333334,0.0,3.0,0.0,361.25,4.0,42.857142857142854,128.45422780984237,1119.9642602700173,1.6774475861729787,8.302300162411248,19.105126272734736,-1.1802433792616778,-3922.331901113909,0.8264885291377397,1.5070153084981914,1.0,50.0,0.0,0.3799516200913588,-0.0030316493454507066,19.237528659508953,0.20370585231998573,90.80792045632367,1118.6233277591973,1776975.6999316947,8246.078417602006,7.416933254462137,28.77138482976815,66.08946606836533,115.72521798170703,153.52853041898425,176.30401216404138,188.30888647829343,193.59856243800758,194.88062802150907,80.05893205534998,94.0202802017278,111.48985879213501,132.80622352339094,159.88957872736353,180.05058510963363,191.85812748734938,197.546982672111,199.29209651773382,2.128401789220428,79.71462665622914,89.5098905383578,89.78959342979893,65.15494555005988,44.65050652569136,36.5391364591853,36.73287840963747,39.29894381268019,41.69988676694395,6354.421702941999,8012.020504188795,8062.171088288591,4245.1669296312675,1993.6677330008067,1335.1084931829646,1349.3043562572109,1544.4069847921949,1738.8805563759472,3.0,True
100,343874.0,6.734999999999999,343874.0,0.051370182101583714,2.0,11.0,0.0,0.0,inf,0.07142857142857142,0.14285714285714285,0.21428571428571427,0.2857142857142857,0.35714285714285715,0.42857142857142855,0.5,0.5714285714285714,0.6428571428571429,0.7142857142857143,0.28608577375653055,3.8178579411501135,353.97062467144735,556.757743443205,797.7427566530846,389.59673759290763,665.8309138640327,614.8462114738909,247.0193062835235,25.0,0.0,0.0,0.0,0.0,0.0,11.0,0.0,0.0,0.0,0.0,0.0,0.0,8.591701336846215,0.7182667201845955,1.1006521072029858,0.5208264452850977,1.1006521072029858,0.5208264452850976,0.5571529950023619,0.0278322605349968,0.00480952338397648,0.34219736908510534,0.004809523383976518,0.0278322605349968,0.5571529950023619,-59.73915679851215,-51.69758798968475,179.5940982336192,179.67628544787644,-35.54984140629103,-8.660524237271572,66.77560627496842,18.50117001674155,54.02781942158554,143.8490111286236,153.9033812248718,165.88643100389152,580.0,0.04427145482252603,50.0,50.142857142857146,78.79591836734694,103.61538461538461,4.384615384615385,0.0,0.0,0.0,0.0,25.0,0.0,0.0,0.0,580.0,2.0,42.85714285714286,156.7240523066851,1355.0258790967666,3.2153905812387595,-1.195604395604396,24.661374286143605,-0.10713442641934096,-2242.3441825275527,0.9114544472813662,1.733537609510634,2.0,50.0,0.0,-0.007155651847388576,-0.00017415036712614598,16.924431640307983,0.02102370857442848,148.4861018714533,1347.0,2645184.6153846155,22048.122448979604,0.10284316171200787,4.810009751235234,32.45536344955743,72.5653976469881,102.77094727973018,120.92275451476544,130.6280104460141,135.12248294722468,136.51810382941338,156.1367318376504,150.15918911147196,138.25467300749287,131.8601960385949,133.92522712150696,138.5082365124361,141.7839036328731,143.0718751125348,142.75622137408254,2.1931240720054004,156.13669796760288,150.08213045132257,134.3912348025938,110.09711333032838,85.87257335595659,67.54420050860557,55.12710963121392,47.026333584426204,41.73902332143836,24378.668452226444,22524.64588080781,18061.0039917659,12121.374363671173,7374.098854774145,4562.219022346713,3038.998216291878,2211.476050393732,1742.1460678275755,5.0,True
101,7833.506944444443,1.2458333333333333,7833.506944444443,0.0459608607965249,0.0,0.0,0.0,0.0,inf,0.07142857142857142,0.14285714285714285,0.21428571428571427,0.2857142857142857,0.35714285714285715,0.42857142857142855,0.5,0.5714285714285714,0.6428571428571429,0.7142857142857143,0.19292394233698318,0.21297838921880047,22.67835732750132,18.83013167903442,19.869398849209926,9.852613585315273,4.6583535783232195,1.8298766712360268,0.08689151196825813,8.333333333333334,0.0,0.0,0.0,0.0,0.0,12.0,0.0,0.0,0.0,0.0,0.0,0.0,2.4424890173982083,0.32843057187046965,0.8685340651221811,0.4277617518809379,0.8685340651221813,0.4277617518809379,0.5601702884895451,0.5612112723658861,0.933873747411298,0.40137382105835506,0.9338737474112981,0.5612112723658861,0.5601702884895451,0.884664126622873,-116.84528205000187,107.61293366560085,87.25113316536245,22.323975523518047,-61.15985502601066,48.42337527439359,-4.624639081873614,74.13642222570564,42.669082956739636,98.17952432168069,74.22375454173978,68.33333333333333,0.052639044952361116,41.66666666666667,8.898809523809524,15.255102040816324,10.512820512820513,0.0,0.0,0.0,0.0,0.0,16.666666666666668,0.0,0.0,0.0,68.33333333333333,1.0,28.571428571428566,23.65451775702604,146.72418023512307,2.0874320000584032,-1.0686813186813193,18.94541664021119,-0.11994537926476731,-760.0261944274511,0.8013723024019391,2.1283537238981656,0.0,41.66666666666667,0.0,0.4007680546655905,-0.003113785727891387,14.829930451925788,0.007977164837867368,21.916829135995403,136.66666666666666,60257.74572649572,480.34739937641706,0.00011822930400482821,0.7856143722921427,6.512744593885962,13.975690818452433,19.3694609278777,22.533326911248093,24.182051212109865,24.910488959869785,25.097832648972254,24.368374937690977,30.739215715023768,30.51562762586746,28.62204521513176,27.794973686482656,27.710988915370258,27.70585516421223,27.549067333204164,27.22835461927542,2.186268683803356,24.36837493740417,30.72917494552713,29.8125424486979,24.978021107447066,19.934506404616155,16.129106763196635,13.521938084283683,11.765145588118417,10.5585080194694,593.8176970899076,944.2821928328123,888.7876872554143,623.9015384440711,397.38454559568254,260.1480849785955,182.84280955520146,138.41865070962223,111.48209159719964,2.0,True
102,565455.9496882085,13.16130952380952,565455.9496882086,0.09483171199505651,2.0,11.0,0.0,132.71428571428572,0.0033783783783783786,0.07142857142857142,0.14285714285714285,0.21428571428571427,0.2857142857142857,0.35714285714285715,0.42857142857142855,0.5,0.5714285714285714,0.6428571428571429,0.7142857142857143,0.7090260576130032,4.664559106061707,647.8955609148924,153.8474911722813,624.2670981712937,1353.7133657140653,801.1196028013472,427.3298996290573,710.3879644833111,8.333333333333334,0.0,0.0,0.0,0.0,0.0,6.0,0.0,0.0,0.0,0.0,0.0,122.53571428571429,4.600628735575081,0.2887244275583306,0.20068276183015665,0.5863512549382649,0.2006827618301566,0.5863512549382649,0.04624370863616201,0.2576471277890255,0.36691424387516636,0.49968072535311797,0.36691424387516636,0.2576471277890255,0.04624370863616193,-73.75092900475481,-63.594826350109706,380.37296188486664,86.52916260900544,27.601698981166983,123.73985317699655,5.499914632443302,108.90643248165802,-21.40651353612266,37.1095296140064,3.4823945388349675,169.59042057208748,654.0,0.027619763051631052,50.0,104.41411564625851,118.03206997084548,176.79487179487177,-11.076923076923073,26.125,26.125,92.0,-18.0,25.0,0.0,4.0,0.0,654.0,4.0,42.85714285714286,200.9719151822336,2299.435890128176,2.286483142745206,8.511852433281005,22.146221007867965,-0.5754444557939817,-4375.256943831597,0.8138306374264334,1.5081135929561427,1.0,50.0,0.0,0.037897272647927846,-0.0014676577673821884,18.008703890895994,0.13494395974282414,171.71896559735225,2298.333333333333,4349661.151447758,29487.40314582465,19.844873748900643,49.46935039426277,87.71311808399142,143.8670428248977,187.43366074193963,213.7158474462073,227.46861539083838,233.3895356975352,234.63835727716574,183.70966650428784,129.72746941838443,152.08135481804516,185.65196365619215,213.52554660795636,232.24468693898442,242.48751937249634,246.67240935896305,246.9652406304286,2.1573770703086304,182.63466963587953,119.92497526898859,124.23826865855756,117.34106526795779,102.28285230233865,90.90176654904083,84.01324933367134,79.853629634756,77.04979801348368,33355.42255300686,14381.999693267524,15435.147399275926,13768.92559821913,10461.781875102024,8263.131161736317,7058.226063601627,6376.602165844782,5936.671373918633,10.0,False
103,50625.0,2.25,50625.0,0.01,0.0,0.0,0.0,0.0,inf,0.07142857142857142,0.14285714285714285,0.21428571428571427,0.2857142857142857,0.35714285714285715,0.42857142857142855,0.5,0.5714285714285714,0.6428571428571429,0.7142857142857143,0.09750399798300154,2.953179749954768,45.006671005497836,40.14082242284218,34.77362796851831,31.11976110637496,29.902914980195888,30.212466111059644,15.275519511096538,8.333333333333334,0.0,0.0,0.0,0.0,0.0,13.0,0.0,0.0,0.0,0.0,0.0,0.0,9.076923076923078,1.679030619735013,1.580999466780495,0.47222867183877426,1.5809994667804954,0.47222867183877426,0.2493548032297539,0.16029986778698527,0.12139372829291807,0.11017488567033595,0.12139372829291797,0.16029986778698527,0.2493548032297539,-56.18781799944809,-43.12337651527709,138.4965030626168,141.33936300848154,-19.64244238335587,7.5251803324405575,33.44105649742344,58.961184843720744,80.53285144634525,103.30864700039116,119.61873166738181,131.92344753014928,225.0,0.005827912109236479,50.0,16.071428571428573,29.846938775510193,34.61538461538461,0.0,0.0,0.0,0.0,0.0,25.0,0.0,0.0,0.0,225.0,1.0,21.428571428571427,60.13377943029548,461.00444442249676,3.328201177351373,-5.439560439560442,25.0,-1.649160917566652e-17,-787.5,0.9207822211616019,1.7499999999999996,0.0,50.0,0.0,2.946762833744287e-16,0.0,16.666666666666668,0.0,57.94635978424268,450.0,389423.07692307694,3357.780612244898,3.5693257342342726,12.34804648058069,16.703236414408764,22.938997796205445,27.969391006081725,31.010279739964002,32.54743873050084,33.131154628917855,33.14502898290214,58.5290563220445,55.490141471075894,54.51683202854539,50.83258647095556,47.62361637731426,45.78189841245667,44.65409060193174,43.73831141590219,42.83959956087682,2.1952939209533575,58.4201193746811,54.09881282055491,51.89495994519123,45.36247598437343,38.54506458163625,33.68003522411579,30.572079411937665,28.554622716281415,27.14108222342753,3412.91034775199,2926.681548593436,2693.086867713002,2057.754227432856,1485.722003602509,1134.3447726976804,934.6520395698229,815.3664784691747,736.638344258854,2.0,False
104,293222.25,5.415000000000001,293222.25,0.12,0.0,0.0,0.0,0.0,inf,0.07142857142857142,0.14285714285714285,0.21428571428571427,0.2857142857142857,0.35714285714285715,0.42857142857142855,0.5,0.5714285714285714,0.6428571428571429,0.7142857142857143,0.09750399798300154,4.023579314901699,582.1949281892455,481.26999620800177,427.3513820423927,447.82142085715446,491.71676951919903,512.7638541428174,257.6064548373085,0.0,0.0,0.0,0.0,0.0,0.0,13.0,0.0,0.0,0.0,0.0,0.0,0.0,9.076923076923078,1.679030619735013,1.5809994667804954,0.47222867183877393,1.5809994667804954,0.47222867183877393,0.2493548032297535,0.16029986778698585,0.12139372829291813,0.11017488567033565,0.12139372829291813,0.16029986778698585,0.2493548032297535,-56.187817999448065,-43.12337651527712,138.4965030626167,141.33936300848154,-19.6424423833559,7.525180332440459,33.44105649742341,58.961184843720716,80.53285144634532,103.30864700039122,119.61873166738181,131.92344753014947,541.5,0.008996043870746396,50.0,38.67857142857143,71.83163265306123,83.3076923076923,0.0,0.0,0.0,0.0,0.0,25.0,0.0,0.0,0.0,541.5,1.0,42.857142857142854,144.7219624955778,1094.0018467204939,3.328201177351375,13.09120879120879,25.0,0.0,-1895.25,0.9207822211616017,1.7499999999999996,0.0,50.0,0.0,2.946762833744287e-16,0.0,16.666666666666668,0.0,139.4575725474107,1083.0,2255555.769230769,19448.414540816324,22.20402993548243,21.88387547430469,27.37976798870319,41.77056098352927,54.261349672504274,62.186940328557434,66.50810527232852,68.49140209622853,69.047309379695,131.32707939293053,130.28990329065132,122.12185076265739,111.53032548868114,103.68977549604514,99.85948039165132,97.94074012877756,96.49015448781316,94.97560302936138,2.1940868854677014,129.4364046028059,128.4389150285551,119.01300239293835,103.41292829589743,88.35878832430005,78.13258140278631,71.89617868883997,67.96526871847702,65.21375804395512,16753.782836501276,16496.554893712397,14164.094738581547,10694.233738732422,7807.275474138463,6104.70027666303,5169.060510057607,4619.2777519747915,4252.8342382155215,2.0,False
105,1115148.7511111111,24.28366666666667,1115148.7511111111,0.04633960844900775,2.0,11.0,0.0,270.5,0.0014688601645123384,0.07142857142857142,0.14285714285714285,0.21428571428571427,0.2857142857142857,0.35714285714285715,0.42857142857142855,0.5,0.5714285714285714,0.6428571428571429,0.7142857142857143,0.9624786378518297,22.22422755814256,1370.4446545672079,52.63802828326712,2665.553846514516,697.3341391000833,40.264406115269054,795.2572555374048,579.0241050599101,8.333333333333334,0.0,0.0,0.0,0.0,0.0,2.0,0.0,0.0,0.0,0.0,0.0,232.8,0.4399996749724231,0.5959112961980751,0.3609318368869784,0.52699481228426,0.3609318368869783,0.52699481228426,0.4320976386484582,0.7289237876225807,0.9262971983588744,0.09715634624720344,0.9262971983588746,0.7289237876225807,0.43209763864845796,-38.901137216875014,-44.12505179489829,150.7669451867138,-74.43255927236083,-52.1809018691071,377.4067414149487,-17.568974602292204,-64.75833425846653,-132.18547622306272,17.1976615453327,87.54647625792936,110.6163041754371,713.5,0.045161001989434374,50.0,193.34761904761902,169.6829931972789,217.7948717948718,-23.46153846153846,100.0,100.0,170.2,-65.0,8.333333333333334,0.0,3.0,0.0,713.5,2.0,42.85714285714286,282.22948503340723,2831.4232028857878,1.1453384567202598,-14.10329670329671,15.715910807331225,-1.3021667159274888,-10538.044423060895,0.6065032260797875,2.1438819192675433,1.0,50.0,0.0,0.615695709521753,-0.004774674441943939,16.505945192137506,0.37658560385827733,205.59713137794265,2831.3333333333335,8578067.316239316,42270.180430839006,19.472423471197015,44.8879189210092,149.9114013607502,283.52610890630757,381.5286740128081,439.4924044767936,469.70092624750896,482.8705852227382,485.96375008247725,246.54701836413878,141.816887430882,222.42293123974477,332.7499225560518,415.64079001111884,465.20519608531373,490.5469666370477,500.680001117666,501.73605469653427,2.10828418006032,245.77684388161015,134.52547823934452,164.31230046267478,174.1707682979756,164.9034178757233,152.519837634262,141.48274226576547,132.3497693456109,124.81306898005225,60406.25698840537,18097.104295524357,26998.532083336315,30335.456529507104,27193.13722709542,23262.30087198164,20017.36635904102,17516.46144583641,15578.30218821928,4.0,True
106,35000.25,3.535,35000.25,0.03139656145313248,0.0,0.0,0.0,0.0,inf,0.07142857142857142,0.14285714285714285,0.21428571428571427,0.2857142857142857,0.35714285714285715,0.42857142857142855,0.5,0.5714285714285714,0.6428571428571429,0.7142857142857143,0.4647704321725439,0.6940733001794069,107.97200589476819,2.0963833245491617,16.903670736826413,46.6869511283092,77.79255428447176,43.35884263966616,0.7890691294839256,8.333333333333334,0.0,0.0,0.0,0.0,0.0,9.0,0.0,0.0,0.0,0.0,0.0,36.875,1.4199431747412543,0.0,0.0,0.0,0.0,0.0,0.0,0.0,0.0,0.0,0.0,0.0,0.0,-46.42898461080297,-36.65504415369897,102.53621736519884,-1.1859728547268134,194.60027171866312,-26.541535280286674,20.76961886231349,-162.33449655534548,27.75235808180944,14.307263127463028,179.39366987936066,64.76875634976089,138.0,0.02870209127623535,50.0,25.25,33.0,41.30769230769231,0.0,0.0,0.0,21.5,0.0,16.666666666666668,0.0,2.0,0.0,138.0,3.0,35.71428571428571,50.0001785711097,542.0910096256559,1.676150328655767,-4.889010989010993,21.181245326038628,-0.44051114379370404,-1271.1285336792919,0.8607715628348558,1.5047144042639862,1.0,50.0,0.0,0.194112673747426,-0.0019639309751801337,18.083824893555835,0.10727206493919372,43.15617403272511,537.0,269232.6923076923,1862.455357142857,0.8835567285916301,9.184109427125659,22.942418311809316,39.57826366313861,51.7685651673657,58.927356083998504,62.59242745492979,64.1160566963907,64.3780061778984,40.13810847541941,38.60963535829071,55.56225300615315,63.580100319442536,68.4055711785678,71.18478122764539,72.30499023439864,72.26757309792124,71.50505626360695,2.1644351377964575,40.128382467922826,37.50141432707243,50.60444052774155,49.759322765100606,44.71395563779071,39.93544520069083,36.19667993194734,33.34266628763517,31.119855266695442,1610.2870794918963,1406.3560765307536,2560.8094011257317,2475.9902020414597,1999.337828778316,1594.8397833773804,1310.1996380958392,1111.733395168603,968.4453918200721,6.0,True
107,157802.81888888887,6.202666666666668,157802.81888888887,0.0978633577711684,2.0,11.0,0.0,50.5,0.010869565217391304,0.07142857142857142,0.14285714285714285,0.21428571428571427,0.2857142857142857,0.35714285714285715,0.42857142857142855,0.5,0.5714285714285714,0.6428571428571429,0.7142857142857143,0.7090260576130032,0.18169168562560767,159.60980075170926,140.71734476980018,119.97415967003641,436.5671861054994,267.16017278947595,253.27226963433282,72.22725141115217,8.333333333333334,0.0,0.0,0.0,0.0,0.0,6.0,0.0,0.0,0.0,0.0,0.0,47.125,7.19111080823223,1.8589687687598542,0.8110692044125292,0.44266478604751125,0.8110692044125292,0.44266478604751125,1.2971299552105253,0.942249670532407,0.15341133104786353,1.1384323943372163,0.15341133104786356,0.942249670532407,1.2971299552105253,-77.88201847248263,-82.27958610440766,93.03510545709581,108.56006772962705,19.059796589196864,14.81378400043808,49.51888971204014,87.1867912253744,222.10086463460098,173.0878246488523,127.3917131952788,181.55156128994633,374.3333333333333,0.03260288449579202,50.0,48.86428571428571,54.26326530612245,84.37948717948719,4.128205128205129,18.0,18.0,35.8,0.0,25.0,0.0,2.0,0.0,374.3333333333333,3.0,42.85714285714286,106.16793263803774,1099.0877979217876,2.8820233387825103,5.889450549450552,23.564601607127443,-0.3979907029511715,-1909.3803128241473,0.8508772462823758,1.5565048621559656,1.0,50.0,0.0,-0.018143660378611395,-0.0007382048877630286,17.971175594363487,0.10664305845537447,94.25450388319688,1096.9333333333334,1213867.8376068375,8883.911502267574,2.1654823391644014,21.27431346067303,45.54694648663821,71.93854540634334,91.29329175838977,102.66334691714984,108.417196676291,110.70495156672835,110.94563936187717,95.96162711344647,81.45570661858993,90.13925918093145,98.69016012003152,108.21153108579334,115.12955874524437,118.82883050920813,120.0720006257912,119.70724626101617,2.174007858320026,95.93719072653165,78.62846639424441,77.78535666454484,67.56177461654585,58.097076861483636,52.10616562983326,48.64157095572209,46.494075245006535,44.95430918143289,9203.944564498912,6182.435727510822,6050.561711430449,4564.593389336939,3375.270339849137,2715.052496643617,2366.0024250405463,2161.6990328883294,2020.8899139798614,8.0,False
108,49830.07972222222,6.350333333333334,49830.07972222222,0.08309530805653995,2.0,11.0,0.0,73.6,0.011857707509881422,0.07142857142857142,0.14285714285714285,0.21428571428571427,0.2857142857142857,0.35714285714285715,0.42857142857142855,0.5,0.5714285714285714,0.6428571428571429,0.7142857142857143,0.9107950720287574,0.05892506551653635,36.55834461503782,40.794367973488384,1.1797298967807461,15.20075817047292,46.011773333834455,40.42758401424495,3.6793515117104234,16.666666666666668,0.0,0.0,0.0,0.0,0.0,3.0,0.0,0.0,0.0,0.0,0.0,44.04999999999999,-0.8095242423921274,0.12602917002860337,0.33706131747618207,0.5648359576176685,0.33706131747618207,0.5648359576176685,0.04138736448097907,0.41059765623818656,0.036063055455853074,0.6064765481044974,0.03606305545585307,0.41059765623818656,0.04138736448097907,-75.84915638896067,-50.440951451682935,94.97869200957157,20.70217997599952,-46.48531793232219,-31.084337738507585,123.61682133158175,397.75152101567323,218.77182179577937,69.42542679034021,218.58945972010105,-158.11513521180672,114.75,0.02314316419757094,50.0,49.27023809523809,28.196428571428573,41.80769230769231,1.6538461538461537,52.33333333333333,24.033333333333328,28.0,10.833333333333336,8.333333333333334,0.0,4.0,0.0,114.75,5.0,35.71428571428571,59.659797256864344,543.7448194932513,-0.004341665407251424,3.2389377289377266,15.728831792575175,-1.8143947454251288,-2331.692156538098,0.816476455189684,1.9179703865625188,2.0,50.0,0.0,0.7390306034220135,-0.004768029363818481,18.775467586755234,0.3008109920650871,33.641269993398105,543.5,383308.3055555555,1131.7350467687077,7.714847477378048,16.546541895174993,37.21303352513191,66.35105784947439,88.90982038039826,102.64008150305241,109.96544318642421,113.27257045287676,114.170029950937,37.239771869829326,35.264604963085844,47.104563843401806,74.24899337105673,95.17337996839291,107.88110447958368,114.58390769317245,117.48441195096734,118.09291185071305,2.0884518033925934,36.43187803720424,31.14168130518514,28.879578783883332,33.32341727480736,33.95609068390251,33.21665806160527,32.203621023897014,31.17550054871074,30.18509715708112,1327.2817373177247,969.8043145137177,834.0300707345242,1110.4501388709298,1153.0160945334108,1103.3463727816065,1037.073207050782,971.9118344626637,911.1400903824268,6.0,True
109,85299.73845700876,6.75081240981241,85299.73845700876,0.04439443399201253,2.0,11.0,0.0,78.0,0.005741469816272967,0.07142857142857142,0.14285714285714285,0.21428571428571427,0.2857142857142857,0.35714285714285715,0.42857142857142855,0.5,0.5714285714285714,0.6428571428571429,0.7142857142857143,0.7090260576130032,0.13872779593737605,198.88821967449474,80.6280905553649,105.40472421841879,28.32429170135585,49.794268044998894,53.763871772469706,18.057167511584428,8.333333333333334,0.0,0.0,0.0,0.0,0.0,6.0,0.0,0.0,0.0,0.0,0.0,77.53571428571428,1.318932063275458,0.20054690871859188,1.4583000452728698,1.2125215821298205,1.4583000452728698,1.2125215821298205,0.9681692748377886,0.3245910154212862,0.4906744017503502,0.5438013117251146,0.49067440175035004,0.3245910154212862,0.9681692748377886,-31.78732881921031,-17.067615959527668,21.460084890820358,129.879844959386,-13.343482469889778,25.687575172839963,237.5266010223122,83.42532185855751,-106.85825449103324,-43.13067720235845,-2.0641085222046964,-46.65772707557542,212.85714285714286,0.05563310736508488,50.0,50.093465264893844,46.529039667815184,48.412409812409805,-4.034965034965035,37.522222222222226,37.522222222222226,35.55555555555556,0.0,8.333333333333334,0.0,2.0,0.0,212.85714285714286,3.0,35.71428571428571,78.05663624071249,634.4314212554498,1.3557949161492315,-8.10771577628721,16.673189437064718,-0.7977839347794426,-3046.8947405326526,0.7898205654712368,2.123616709634445,2.0,50.0,0.0,0.6715173296972583,-0.004282359718081001,16.916871114668062,0.10298212903070636,59.86220175511243,629.3613275613275,656151.8342846828,3583.4831989697855,4.289980229041852,14.89814198403361,38.31387852809786,72.36856350015736,99.02203112791054,115.39712737090102,124.25821891150731,128.38307369923098,129.6548199568196,58.78422173411944,61.79855287815477,81.81479680849858,105.33944248968727,121.92602051475723,131.9580853445297,136.99280811747113,138.71763195991048,138.40057847139525,2.1405548967789367,58.62747474111904,59.97588268010456,72.28905649508833,76.54534055683484,71.13783683714395,64.0034318012576,57.67949816746143,52.539202545366194,48.41846531212565,3437.1807945205505,3597.1065032576666,5225.707688950072,5859.189160961824,5060.5918298681145,4096.439282338234,3326.924508850187,2760.367804103014,2344.347783181515,1.0,True
110,22744.5,2.0625000000000004,22744.5,0.10201796038602738,2.0,11.0,0.0,0.0,inf,0.07142857142857142,0.14285714285714285,0.21428571428571427,0.2857142857142857,0.35714285714285715,0.42857142857142855,0.5,0.5714285714285714,0.6428571428571429,0.7142857142857143,0.28608577375653055,0.020286125967614442,25.54798666345877,2.505185073987126,35.47080257425069,66.85618134976045,22.579580364138966,30.261918551746522,16.03829672898742,8.333333333333334,0.0,0.0,0.0,0.0,0.0,11.0,0.0,0.0,0.0,0.0,0.0,0.0,3.3700179402344874,0.0722991313116236,0.7552860844891869,0.1472787132473642,0.7552860844891869,0.1472787132473642,0.6985386320164212,0.5812797582607849,0.16530178139636104,0.02826673397025591,0.165301781396361,0.5812797582607849,0.6985386320164212,-91.57155992202995,-92.68356817923143,-0.9950025461343839,-17.436187179499573,76.70031918964025,267.76072134857407,161.59712051146084,136.82296200919254,103.07204732661775,37.00881515694002,59.20530406457795,28.33658180489756,128.0,0.036629820463659576,50.0,17.071428571428573,26.826530612244902,31.73076923076923,5.038461538461538,0.0,0.0,0.0,0.0,25.0,0.0,0.0,0.0,128.0,2.0,42.85714285714286,40.30641565380309,420.53742089239944,2.1230342075926316,3.740659340659342,24.34033926943122,-0.33871764091013035,-611.8859684874361,0.8172737627833772,1.5835318235789,1.0,50.0,0.0,-0.0947622030927453,-0.00033925409000680294,17.91466467511937,0.11802121432839252,36.51264807416404,412.5,174957.6923076923,1333.1734693877552,0.2014590154094607,5.675836402350764,13.036793413038543,22.374534436922595,29.669703719808336,34.149998631477196,36.554303420281364,37.64424224927298,37.9414670123062,37.52680502792459,21.82401594084425,30.00380728096569,36.26052410717859,40.37267998571664,42.78669868561728,43.91107658654788,44.16826781871969,43.88613203322462,2.1666787949714648,37.52626426742977,21.073029039983165,27.023516959475955,28.53429195298605,27.379955631955944,25.77749363076072,24.33034213585334,23.102963177570974,22.055331912979796,1408.2205098689763,444.0725529199738,730.2704688590846,814.2058172582443,749.6619704078761,664.4791778839095,591.9655484476805,533.7469075842004,486.43766579170506,5.0,True
111,42161.0,4.929999999999999,42161.0,0.04724271245938189,0.0,0.0,0.0,0.0,inf,0.07142857142857142,0.14285714285714285,0.21428571428571427,0.2857142857142857,0.35714285714285715,0.42857142857142855,0.5,0.5714285714285714,0.6428571428571429,0.7142857142857143,0.5122222920737834,0.6306010132455886,46.29985531055968,39.49613521834174,27.721730255232806,16.88541107118308,97.26024437438538,4.306323330769728,15.696056125904583,16.666666666666668,0.0,0.0,0.0,0.0,0.0,8.0,0.0,0.0,0.0,0.0,0.0,84.0,-1.6290433271541163,0.05357608599963448,0.2860383860517306,0.08642796006043359,0.2860383860517306,0.08642796006043359,0.006663307446371372,0.30800382360557316,0.5925229794487585,0.14874277582418904,0.5925229794487585,0.30800382360557316,0.006663307446371336,-36.725613404934954,-18.814092563162884,-158.66742284365884,39.50746929811633,35.314515259224315,-118.18265230447625,20.01605350001796,142.21579244008822,-56.777548080065685,126.35259676762387,179.47435760864167,276.92974249568,95.0,0.04794499324726904,50.0,35.214285714285715,40.24489795918367,47.38461538461539,0.0,0.0,0.0,55.0,0.0,16.666666666666668,0.0,1.0,0.0,95.0,4.0,35.71428571428571,54.8771354937555,619.6318269304834,0.4636880085229855,-3.5890109890109914,18.20569436998642,-0.8473008144400688,-1900.2632901695622,0.8810746471564941,1.7815494417323419,2.0,50.0,0.0,0.4093548570353178,-0.0034942143240069812,17.070956499546327,0.14830826650317241,42.088645519102336,616.0,324315.3846153846,1771.4540816326532,3.1032758452415514,17.399396366442904,34.99861922712547,54.97797958666975,69.50893441032791,77.95953421948823,82.18078739223488,83.8104835588521,83.91828196860409,41.872334573338016,51.67352070383677,56.321103803462414,64.71022537699481,74.82761438244552,81.86580987477942,85.64114253366536,87.12839786697934,87.18477909619698,2.1521823543505643,41.75718000116744,48.65607616745581,44.12667431197452,34.1296795898993,27.707037216358955,24.986433333590682,24.098204872228035,23.815133014493806,23.641227918416604,1743.6620816498983,2367.413748013261,1947.1633858350717,1164.8350289091886,767.6799113087002,624.3218507339716,580.7234780638751,567.1605604980329,558.9076574905206,8.0,False
112,2653.0,0.7299999999999999,2653.0,0.11290991330569168,2.0,11.0,0.0,0.0,inf,0.07142857142857142,0.14285714285714285,0.21428571428571427,0.2857142857142857,0.35714285714285715,0.42857142857142855,0.5,0.5714285714285714,0.6428571428571429,0.7142857142857143,0.28608577375653055,0.024503735734425307,9.744257359990014,5.511187902025451,3.2552647320601698,2.6202144798312403,1.9907895558306503,1.519911962881444,0.7198396312347787,8.333333333333334,0.0,0.0,0.0,0.0,0.0,11.0,0.0,0.0,0.0,0.0,0.0,0.0,4.137444203360655,0.7778300161475533,1.5881812282424328,0.6319006221462367,1.588181228242433,0.6319006221462368,0.7895070463137666,0.2603373289629789,0.4403622847666107,0.21542904666216844,0.4403622847666107,0.2603373289629789,0.7895070463137666,-29.795307899464717,-43.01622376938709,80.28991332451308,78.19216819533034,-10.763787058407395,6.446687918413711,25.93070067655814,41.36357141792646,53.808311947385825,66.79024514094422,74.96851107128028,79.53520044125807,45.0,0.027508189791407622,50.0,5.642857142857143,8.867346938775512,6.0,0.9230769230769231,0.0,0.0,0.0,0.0,16.666666666666668,0.0,0.0,0.0,45.0,1.0,42.857142857142854,13.765899897936205,88.08271422727117,2.295590495252499,1.7648351648351652,18.97635837596866,-0.18497743472833017,-439.4856210355963,0.7986844991732114,2.1372034595164267,0.0,50.0,0.0,0.5369650769317421,-0.0030978728352161174,16.026175515627656,0.006924466067507851,12.556200192148344,78.0,20407.69230769231,157.65816326530611,1.6159736267625127,3.3660052192932914,4.648246913344294,6.84745724333145,8.673367780733294,9.806335559383788,10.406594193573628,10.665405153927399,10.717724874289805,11.780296092865294,16.576249665961292,17.10520191914555,16.137213882337363,15.354273817273501,14.963156943737763,14.718934153970364,14.483395913124962,14.219173549201697,2.1846383068276305,11.668933339135387,16.23089836860462,16.46152281313384,14.61239204186123,12.66990196473312,11.301851557142868,10.409121957167903,9.798871877869601,9.344264012823414,136.16400527318535,263.44206185197214,270.98173332732586,213.52200118504942,160.52641579594817,127.73184861969268,108.34981991919497,96.01789007890373,87.31526994134674,1.0,True
113,14634109.0,40.82,14634109.0,0.01983148957001755,2.0,11.0,0.0,0.0,inf,0.07142857142857142,0.14285714285714285,0.21428571428571427,0.2857142857142857,0.35714285714285715,0.42857142857142855,0.5,0.5714285714285714,0.6428571428571429,0.7142857142857143,0.28608577375653055,2.84370649207321,29640.011225970182,22805.21653955766,19949.60665462779,22240.115762436984,24965.774743280108,25090.7084953498,12247.346653169872,8.333333333333334,0.0,0.0,0.0,0.0,0.0,11.0,0.0,0.0,0.0,0.0,0.0,0.0,8.733268224270006,1.7650029515510124,0.9567306790584876,1.0083467443572023,0.9567306790584876,1.0083467443572025,0.8893098955301144,0.353551333343839,0.11098355359619834,0.2820911329501821,0.11098355359619834,0.353551333343839,0.8893098955301142,-56.706304516282565,-21.871731006145268,150.19368500540568,148.41112656729456,-24.607361398208905,0.46342394624483046,26.80154428734812,51.739527817349696,70.59148729994989,92.13977502693565,100.95925893044645,118.39054244895485,3797.0,0.010808210243608394,50.0,311.92857142857144,517.591836734694,628.0,-25.384615384615383,0.0,0.0,0.0,0.0,25.0,0.0,1.0,0.0,3797.0,1.0,42.857142857142854,1022.3959604771529,8173.0055410698815,3.2494790458115284,-84.53406593406595,24.476194150005064,-0.05974554318502034,-15084.036408358763,0.9144510045384405,1.665510009132342,0.0,50.0,0.0,0.045032491352904144,-0.00026938586571168324,17.235536871615313,0.0034250123947958677,973.6498684468306,8164.0,112570069.23076923,947994.0663265305,24.426049377790466,183.80314288633605,335.9061170746332,486.40251180862407,595.4692016161526,658.5340704187495,689.2522227577598,700.0585066539904,699.1771740310594,936.1454061392315,964.3469512878208,990.5912412579705,957.346344355147,919.0571900422894,895.9503139397923,879.6263640378439,863.8453850050213,846.7694273955176,2.1949298027371933,935.8266877725706,946.6686046992475,931.9002563412296,824.5754177492954,700.0589607276308,607.502957315045,546.5106711985823,506.1096091321112,477.6711656418823,875771.5895473805,896181.44712322,868438.0877688493,679924.619556425,490082.5484950505,369059.84314652544,298673.91373392486,256146.93645585835,228169.74248567453,4.0,True
114,167187.44260703604,11.529336168733227,167187.44260703604,0.059725830932828086,2.0,11.0,24.857142857142858,121.0,0.005154639175257732,0.07142857142857142,0.14285714285714285,0.21428571428571427,0.2857142857142857,0.35714285714285715,0.42857142857142855,0.5,0.5714285714285714,0.6428571428571429,0.7142857142857143,1.0000000000000004,2.2604359918100787,87.02103765978246,24.577005717570092,170.84062888235738,17.568634002922593,98.74099493879514,97.1307127832793,1.3102305003453714,8.333333333333334,0.0,0.0,0.0,0.0,0.0,0.0,0.0,0.0,0.0,0.0,0.0,75.86818181818182,-0.8563374529845249,0.9062702707200903,0.28539063066294335,1.523672491269225,0.28539063066294335,1.523672491269225,1.0016231398080024,0.27574707053033937,0.3567695084366847,0.1666400152394322,0.3567695084366847,0.27574707053033937,1.0016231398080024,-55.601122821696144,21.298541069134426,252.2352745002328,31.2864980225615,-77.4394082336289,-77.9585200910616,134.3346605541746,-3.109947411112247,-89.9643948031138,25.270155137194443,284.749313486745,216.4001979673082,203.0,0.021044309456745836,50.0,90.31229131512745,51.880215502784516,77.54109472729382,-10.559763313609468,70.15,31.764705882352942,73.47619047619047,0.1904761904761898,8.333333333333334,24.666666666666668,4.0,0.0,178.33333333333334,4.0,42.857142857142854,109.27927610584204,1009.0077523370163,0.747174321284762,-0.5889295438455127,16.24002543745224,-1.9845751140354275,-3976.7494323294945,0.7455642451792487,1.8103757809083905,1.0,50.0,0.0,0.691828530204747,-0.004505129775024561,19.501111124940696,0.3722201890701906,61.5276378843558,1008.0342314548196,1286057.250823354,3785.6502236284146,16.67231857156793,41.97873217663406,78.70671447615072,127.2252351613729,164.3012432092565,186.53422730026168,198.07713075078527,202.95272423832836,203.85823623943244,59.90392323298049,88.61099107857301,107.23279793320681,135.98292238257187,166.52541306278422,187.60824292535725,199.42962404672164,204.8452620700759,206.2453152523218,2.1105117017620065,57.53706468139447,78.03649008489155,72.8294312002617,48.01140195659707,27.125904143892434,20.045818991354977,23.186746665995116,27.78080482633881,31.288169982876415,3310.513812150971,6089.693784769377,5304.126048953651,2305.094717837933,735.8146756236407,401.8348590341679,537.6252209530356,771.7731167991296,978.9495808773687,0.0,False
115,759092.25,12.419999999999998,759092.25,0.02325442658649196,2.0,11.0,0.0,170.5,0.00211864406779661,0.07142857142857142,0.14285714285714285,0.21428571428571427,0.2857142857142857,0.35714285714285715,0.42857142857142855,0.5,0.5714285714285714,0.6428571428571429,0.7142857142857143,0.4647704321725439,221.4563796862508,79.49053569692579,341.6656043812276,71.63920327151601,271.25789837512355,957.8655415459878,195.91563765428538,264.0147990003528,16.666666666666668,0.0,0.0,0.0,0.0,0.0,9.0,0.0,0.0,0.0,0.0,0.0,157.375,2.8489034791190075,0.5728419252775019,0.6089702762026308,0.14258682625966707,0.6089702762026308,0.14258682625966704,0.09457028617805721,1.301264367038096,0.2545449644629635,0.3004563407028037,0.2545449644629636,1.301264367038096,0.09457028617805721,-63.04034471898053,-17.70100129452672,73.11506616183854,80.96908929616049,-46.74763966734313,-41.60390143336214,116.51432787129015,-32.91055520418065,53.8096757669961,467.779650398329,25.740131476799572,108.8429408983229,713.0,0.02854233102221203,50.0,114.17857142857143,146.80102040816323,191.07692307692307,-54.84615384615385,0.0,0.0,170.5,0.0,25.0,0.0,2.0,0.0,713.0,4.0,35.714285714285715,232.85376312183575,2488.0230713596843,1.9687391993084542,-20.326373626373638,22.511958362783528,-0.6013185878794269,-4574.274982943148,0.792403165412595,1.5782855370228124,2.0,50.0,0.0,0.056930923216268324,-0.001279564270568471,17.90186880468779,0.29202406302622175,202.9387317062236,2484.0,5839171.153846154,41184.1288265306,29.69080011114018,46.14352532344939,93.27227778039976,157.47614557249616,205.89594584934613,234.752759212876,249.7244258418198,256.09364244390434,257.35779091424746,177.85568412869077,192.92343643721856,174.3965365472927,187.1719238810902,220.55273832790274,246.14731701929418,260.8179866295739,267.52983628138065,269.17279136378045,2.16790171413712,175.3599177852366,187.32385698962554,147.35818320455482,101.16616363675458,79.05928071225716,74.02461562033511,75.2577789167207,77.38384586304836,78.87305665629901,30751.10076564494,35090.22739746968,21714.43415734714,10234.592664978603,6250.3698667394765,5479.6437177383605,5663.7332874780095,5988.259600556027,6220.959066307753,9.0,True
116,88108.36,5.126000000000001,88108.36,0.0977672947266298,2.0,11.0,0.0,76.0,0.009259259259259259,0.07142857142857142,0.14285714285714285,0.21428571428571427,0.2857142857142857,0.35714285714285715,0.42857142857142855,0.5,0.5714285714285714,0.6428571428571429,0.7142857142857143,0.4647704321725439,1.386747824218039,227.77479575031361,55.11824663279304,117.39641464305024,203.69555734239134,120.474447277636,25.19094308050368,0.9211689150916869,8.333333333333334,0.0,0.0,0.0,0.0,0.0,9.0,0.0,0.0,0.0,0.0,0.0,63.75,2.9698926249729602,0.20423770647798095,0.2327755232837947,0.9702709215366531,0.23277552328379472,0.9702709215366531,0.07315274239043137,0.3966661339767335,0.4265733178291862,0.22640114010537116,0.4265733178291862,0.3966661339767335,0.07315274239043135,-26.492562747281948,-133.6460154793624,99.91859725010535,60.94063131040393,109.85817853647565,-48.414974720259345,77.92952412353974,5.850023825618122,115.90343830121527,62.248951344806045,119.54814233623844,65.70672885000506,245.6,0.039481433110907196,41.66666666666667,39.32857142857143,52.326530612244895,55.93846153846154,5.846153846153846,0.0,0.0,27.0,0.0,16.666666666666668,0.0,1.0,0.0,245.6,2.0,35.71428571428571,79.33129449160833,733.2509530687718,1.9457866738697298,7.407032967032968,19.66267973920246,-0.4044859337506502,-2397.046781226758,0.7909338025191112,1.6206466999615468,1.0,41.66666666666667,0.0,0.23279131835556954,-0.0027449075626958756,16.58470426386643,0.08665057829037659,68.89642773832357,727.2,677756.6153846154,4746.717755102041,0.3924896352071429,13.989883066373205,35.05923244705468,58.4710128099632,75.58789633405272,85.66648443456394,90.82377760438044,92.94924000423022,93.28289618959232,70.87599417732905,69.3247866518029,89.18369721858647,99.22502753239053,105.03091248397408,108.24464770875312,109.33806498128182,108.92267974547653,107.55338654169132,2.1697783901070182,70.8749074250615,67.89852145744553,82.00354912929012,80.16699289471184,72.92436153308934,66.16764467785357,60.875724845960136,56.785464210232945,53.535336321612945,5023.252502511036,4610.209216107191,6724.582069799898,6426.746749780778,5317.962505008721,4378.157202214685,3705.853875521048,3224.588945571647,2866.0322350682104,5.0,False
117,3471.25,0.36250000000000004,3471.25,0.00014115952466690673,2.0,11.0,0.0,0.0,inf,0.07142857142857142,0.14285714285714285,0.21428571428571427,0.2857142857142857,0.35714285714285715,0.42857142857142855,0.5,0.5714285714285714,0.6428571428571429,0.7142857142857143,0.19292394233698318,2.3826378434778035,0.24336627379234174,0.17642582883261976,0.10023919860287009,0.044113740577389156,0.019165790051694238,0.01611893360434068,0.008923752627688696,8.333333333333334,0.0,0.0,0.0,0.0,0.0,12.0,0.0,0.0,0.0,0.0,0.0,0.0,8.736926247810208,0.6417763387500122,0.7843603112901151,0.46583129421823233,0.7843603112901152,0.4658312942182322,0.24068488363167734,0.15809562189815346,0.12117557463275341,0.11058296270429276,0.12117557463275333,0.15809562189815346,0.24068488363167734,-47.75077217137432,-46.720489437995894,130.09684279867076,132.73197337173454,-22.109935732929614,3.414120549686427,28.59216691606779,53.05261798444427,73.93329574066807,95.90916480386157,111.82078743860512,123.67395701533002,58.5,0.008847139921255435,50.0,4.678571428571429,8.020408163265307,4.5,-4.5,0.0,0.0,0.0,0.0,25.0,0.0,0.0,0.0,58.5,0.0,7.142857142857142,15.746314761601477,69.58077563476037,3.250931684899256,-1.8406593406593421,23.67731559166094,-0.028270972575591587,-275.32419667991616,0.9147858772591182,1.7772185086682364,0.0,50.0,0.0,0.10385774588988643,-0.0006802376957172297,16.542817070344356,0.00012261134147406594,15.035205284903283,58.5,26701.923076923074,226.0573979591836,2.509819006639193,2.748347439131438,3.4775813175756416,5.2262667905383875,6.732188297304936,7.68302096997206,8.197673147881297,8.430095181799702,8.490583293894948,14.304346088643165,15.411972631349489,14.715452169226094,13.514625104750506,12.621951058889913,12.184258988770399,11.954109970470562,11.769867844358329,11.574871559416598,2.1934237740352964,14.082440327499832,15.164942688427322,14.298634925209809,12.463194901632097,10.676670326587903,9.456603823804922,8.700511487643105,8.213603612267738,7.866870212887919,198.3151255775936,229.9754867432853,204.45096072442973,155.33122715606828,113.99128926264265,89.42735588040189,75.69890014660963,67.46328429945763,61.88764694642322,1.0,True
118,32986.25,2.575000000000001,32986.25,0.08360468376975254,2.0,11.0,0.0,27.0,0.08333333333333333,0.07142857142857142,0.14285714285714285,0.21428571428571427,0.2857142857142857,0.35714285714285715,0.42857142857142855,0.5,0.5714285714285714,0.6428571428571429,0.7142857142857143,0.4647704321725439,0.07829929459131554,38.04083322464708,6.779583265719174,34.49956832126462,74.57458415020372,10.187235794140124,33.307526077049936,11.422582901870754,8.333333333333334,0.0,0.0,0.0,0.0,0.0,9.0,0.0,0.0,0.0,0.0,0.0,21.0,1.340102907258931,0.4654084968655439,0.23474278159781317,0.40258609444412985,0.2347427815978132,0.40258609444412985,0.06689032662131252,0.2783319074847149,0.16562250901024728,0.41229606589212253,0.1656225090102473,0.2783319074847149,0.06689032662131252,-16.77181261578558,-21.366964569937245,75.18691433374237,100.07883651382066,84.264570414657,-72.85253392728644,-2.6438877911694356,-66.08596063623415,63.197185440082,-177.51390416571667,-125.62180081205264,385.1800028965292,130.0,0.017037924803568805,50.0,23.035714285714285,32.47959183673469,35.0,10.0,0.0,0.0,3.0,0.0,25.0,0.0,1.0,0.0,130.0,2.0,35.71428571428571,48.54029989900881,461.2160646136971,1.7171125226163548,1.5637362637362637,21.730162812282003,-0.492279387362973,-1085.3094862058488,0.7606820826555745,1.7710830454343307,1.0,50.0,0.0,0.18425542324641317,-0.001681630553683538,17.579072995584497,0.301779407461239,42.72606442948676,455.0,253740.3846153846,1825.5165816326537,0.005691372505061005,3.1581572248341487,14.070654022333049,28.10917740298202,38.78083590106433,45.278933040721675,48.782904895447324,50.411829122030134,50.91461560609299,39.40483319249568,42.900764850076065,43.41858112269649,40.577495004086856,42.90375093152061,46.637344275250214,49.38326817886617,50.89570527828344,51.47318151721504,2.183337224024594,39.40483278148365,42.78436241975273,41.07541700448065,29.264436549067177,18.351528841180393,11.174081785187406,7.676937279120949,7.001449874499031,7.562429053416628,1552.7408465366884,1830.5016676647501,1687.1898820919778,856.4072465343788,336.77861080867575,124.86010374205698,58.935365987556956,49.020300345122486,57.190333187959915,5.0,True
119,23433.25,3.3850000000000002,23433.25,0.05108766389638655,0.0,0.0,0.0,0.0,inf,0.07142857142857142,0.14285714285714285,0.21428571428571427,0.2857142857142857,0.35714285714285715,0.42857142857142855,0.5,0.5714285714285714,0.6428571428571429,0.7142857142857143,0.42724907002437335,1.5722912260406459,101.01324960022237,18.52968836540765,1.6154978966419111,31.45593111266471,8.208341770113906,0.9590416841281663,2.6809848728280707,8.333333333333334,0.0,0.0,0.0,0.0,0.0,9.0,0.0,0.0,0.0,0.0,0.0,61.375,-1.4270913599463804,0.058612322997712386,0.2673619633571471,0.022044840010932487,0.2673619633571471,0.022044840010932487,0.05259753235023116,0.4877155463665006,1.38929364662854,0.16968568825802102,1.38929364662854,0.4877155463665006,0.05259753235023116,5.583310422934063,-29.387711786787726,44.07321473825889,-61.71634376700184,123.50563973473267,44.67453479067223,-341.12670048150187,63.15863995795254,-95.79003374753339,256.15818993765237,42.577800056271,-92.48399687997203,78.0,0.08147629755827056,41.66666666666667,24.178571428571427,31.086734693877556,15.692307692307692,0.0,0.0,0.0,0.0,0.0,8.333333333333334,0.0,1.0,0.0,78.0,2.0,35.71428571428571,40.91214454692606,211.2297510293502,0.6900558621049165,-2.1549450549450566,13.535429763292667,-0.7001706735070741,-1825.438049608566,0.5288925404927168,2.5016282582285876,1.0,41.66666666666667,0.0,0.8757810324379312,-0.005896064693163769,14.499513119659003,0.0737488997878557,33.003034028738035,204.0,180255.76923076922,1089.200255102041,0.0038092305438160467,2.91868392105962,17.607082487180865,37.147365331303384,51.72661684778992,60.47439627726037,65.13563924622981,67.27147239545643,67.90396397096207,25.731317318516457,47.76686065189962,61.68265011793588,65.20645167947083,68.18093525998039,70.68978620989793,72.03951586247906,72.31410644805737,71.82701505926919,2.148725289736632,25.731317036559698,47.67760753967154,59.11632576421933,53.59062035067184,44.41843133663739,36.6045525761749,30.77402062918299,26.530717915810644,23.41306834557931,662.1006764359474,2273.1542607069446,3494.739971861303,2871.954589569843,1972.9970424075707,1339.8932693019528,947.0403456853801,703.878993128316,548.1717693547678,2.0,True
120,31068.027777777777,2.8741666666666665,31068.027777777777,0.05097667394758277,2.0,11.0,0.0,23.0,0.013157894736842105,0.07142857142857142,0.14285714285714285,0.21428571428571427,0.2857142857142857,0.35714285714285715,0.42857142857142855,0.5,0.5714285714285714,0.6428571428571429,0.7142857142857143,0.5497436542219539,0.00081880089389345,18.448963772221596,30.290178024881826,42.214929524160645,41.76162588701644,63.52676991853752,16.738753798172844,51.56287110800847,25.0,0.0,0.0,0.0,0.0,0.0,8.0,0.0,0.0,0.0,0.0,0.0,22.0,4.124653280358146,1.0355192202186727,0.13969714845873307,0.19200350617634254,0.13969714845873307,0.19200350617634254,0.31027494568914227,0.14404330398259502,0.06501109265414262,0.16300182650078954,0.06501109265414262,0.14404330398259502,0.3102749456891422,-54.96214505901971,-43.997481436578106,160.88182874701812,198.46088564365348,10.629487347110464,-18.037275697909248,47.47804040752184,50.963676065624306,-20.456708409570748,180.4691266171476,-96.21504949135121,265.4928929971705,152.0,0.0173375914254536,50.0,23.369047619047617,28.341836734693874,41.65384615384615,3.1923076923076925,0.0,0.0,19.0,0.0,25.0,0.0,2.0,0.0,152.0,3.0,42.85714285714286,47.10780021684139,545.6891593533827,2.2042597901466454,0.3175824175824168,21.688110403003346,-0.5594277145146427,-1066.5158524339076,0.8632328359415552,1.6390634785277318,2.0,50.0,0.0,0.06902962382527303,-0.0017032575070268503,17.24783481605858,0.14204373721936503,40.902719404075405,541.5,238984.82905982906,1673.0324546485267,1.6760265155377385,8.253260591381135,20.31568783400622,33.40408566898777,42.79521508330733,48.25978834721618,51.01514264709865,52.112369927151576,52.234607133641866,40.94562455544792,41.10885529543904,39.112273314164064,39.891555263111506,44.52520863379408,48.73862493247827,51.34162828487844,52.58258810764969,52.899608365230534,2.175576835766755,40.911307793260704,40.27184715545218,33.42218950986128,21.8060368230636,12.29080021220565,6.815158764892442,5.780831742820861,7.016371759994641,8.36148209283844,1673.7351053549141,1621.8216733121014,1117.0427516330817,475.5032419288057,151.06376985635444,46.446388990690274,33.41801563880527,49.2294726744503,69.9143827888579,8.0,False
121,2202314.0,15.105000000000002,2202314.0,0.06009614886887156,2.0,11.0,0.0,0.0,inf,0.07142857142857142,0.14285714285714285,0.21428571428571427,0.2857142857142857,0.35714285714285715,0.42857142857142855,0.5,0.5714285714285714,0.6428571428571429,0.7142857142857143,0.19292394233698318,25.73963820443379,2805.2641641613673,4486.5072177575985,3463.251188517577,3825.6813283854453,3756.1230589809734,3764.7787078195784,1849.0781446397787,16.666666666666668,0.0,0.0,0.0,0.0,0.0,12.0,0.0,0.0,0.0,0.0,0.0,0.0,9.044246061067987,1.222148449046904,1.2356085503906338,0.6370401144535607,1.2356085503906338,0.6370401144535606,0.448820207764154,0.33010753398735426,0.26195629320664954,0.31676374294251086,0.2619562932066495,0.33010753398735426,0.448820207764154,-57.42718368849547,-46.17269433892145,153.45842641967533,155.92506528786825,-25.01213030405134,0.39053905274816,22.773173020921977,49.06495243576876,94.9625432335196,115.58354235308488,134.00428975876864,146.17356828777366,1483.0,0.05231601458807393,50.0,109.85714285714286,196.16326530612236,232.3846153846154,4.230769230769231,0.0,0.0,0.0,0.0,25.0,0.0,0.0,0.0,1483.0,1.0,42.85714285714286,396.620905723769,3031.009764466657,3.3203737063380783,-1.6879120879120917,25.0,-0.018955570540196306,-5218.000000000001,0.9193711326859716,1.7472291834182836,2.0,50.0,0.0,1.9338526492122424e-16,0.0,16.754273393086436,0.002747110539187525,381.103071386742,3021.0,16940876.923076924,145239.55102040817,0.0014334611133252548,1.8378595981002337,49.14601859326136,141.6365929627734,220.27260937900627,271.3250024913834,300.8469801906098,316.3272448808012,323.1143020525957,394.07386194204776,397.4481572221557,383.79909057533274,356.3341433882752,338.66545255447454,335.06622754651005,336.34125056941235,337.0875879295456,335.8617245342368,2.1936004761328842,394.0738619394406,397.44390793089923,380.63947612259466,326.9756830073966,257.2435933338103,196.60142386386852,150.38793616772273,116.46937830297189,91.65285492648611,155294.20866386528,157961.6599513851,144886.4107828833,106913.0972781535,66174.26631129076,38652.11986530049,22616.531344787043,13565.116082280778,8400.24581617551,3.0,False
122,1175.84,0.42799999999999994,1175.84,0.03425227922166281,0.0,0.0,0.0,0.0,inf,0.07142857142857142,0.14285714285714285,0.21428571428571427,0.2857142857142857,0.35714285714285715,0.42857142857142855,0.5,0.5714285714285714,0.6428571428571429,0.7142857142857143,0.19292394233698318,0.025136406027201404,1.321270545236472,1.4280662713662648,2.7531539090375845,1.1634219469747251,2.4465866079173404,2.6488208361929955,0.4165067507034291,25.0,0.0,0.0,0.0,0.0,0.0,12.0,0.0,0.0,0.0,0.0,0.0,0.0,7.0762301778091246,0.0,0.0,0.0,0.0,0.0,0.0,0.0,0.0,0.0,0.0,0.0,0.0,-59.04219254701499,-46.79989705931381,127.7997314664892,118.50761081686596,-33.72847657979776,10.395445492947449,180.38352695877134,34.58671113537785,76.7944856299528,91.15151781235035,100.72991713567124,75.69587768395898,32.8,0.024053901963689693,50.0,3.057142857142857,5.24081632653061,6.584615384615384,0.0,0.0,0.0,0.0,0.0,25.0,0.0,0.0,0.0,32.8,2.0,35.71428571428571,9.164527889017057,94.73023196575926,2.913438253590064,-0.4386813186813188,25.015369234670487,-0.1343396543846528,-122.0317595250017,0.9624616580216823,1.7075846520621403,1.0,50.0,0.0,-0.011474485501749733,7.90417783053482e-06,17.3016828889102,0.05734329647407044,8.639586157889266,85.6,9044.923076923076,74.6424489795918,0.0016078257277467485,0.8881330658511427,3.0828113717055854,5.196258321400168,6.613708788224684,7.404955518806228,7.786640816121995,7.924543276630307,7.92192357322335,9.247124438788925,7.774721883326797,6.645894787359937,7.369858142525965,8.047394580886333,8.45158936908625,8.631164452697346,8.657437816611658,8.58772617155142,2.185596867595754,9.247124299010144,7.7238280677668145,5.887630386763481,5.226251859433852,4.5846936217198095,4.073818433380763,3.7236037128310637,3.486092856667907,3.315443816076117,85.50930780134385,59.65752002042244,34.6641915711407,27.313708498235787,21.019415605038308,16.595996628152896,13.865224610209284,12.152843405311009,10.992167697557367,4.0,False
123,36664.21,3.2409999999999983,36664.21,0.09513952434813133,0.0,0.0,0.0,0.0,inf,0.07142857142857142,0.14285714285714285,0.21428571428571427,0.2857142857142857,0.35714285714285715,0.42857142857142855,0.5,0.5714285714285714,0.6428571428571429,0.7142857142857143,0.37678366460774576,1.441364120002899,54.09513814551542,0.6491084504649492,12.341624782390607,73.704486006032,139.14392971780893,51.769805870364586,0.0007660655630824481,8.333333333333334,0.0,0.0,0.0,0.0,0.0,10.0,0.0,0.0,0.0,0.0,0.0,17.700000000000003,1.7872111747709338,0.5689274223862056,0.4426041008057858,0.16123492775289366,0.4426041008057858,0.16123492775289372,1.0731100393032595,0.24186039673398987,0.19473800625647467,0.78477365520284,0.1947380062564748,0.24186039673398987,1.0731100393032593,-68.60681773827213,-37.76779317648101,180.81363218148383,74.32904626716723,204.96378346126244,-4.8878239816101745,112.9854560453237,-84.32633729074185,5.209074636438679,-92.13533329364716,99.43431410794658,71.71494025510239,141.5,0.05995265366379764,50.0,23.150000000000002,33.07142857142856,46.23076923076923,0.0,0.0,0.0,14.399999999999999,0.0,25.0,0.0,1.0,0.0,141.5,3.0,35.71428571428571,51.17491712604079,607.0843443887243,1.8587248062659067,3.357582417582418,24.282900763897267,-0.3973890403348084,-781.6725164411465,0.775330525105,1.4338167123970826,1.0,50.0,0.0,-0.0925972560900393,-0.0003687938928528343,18.648639610434074,0.1347979354732961,45.639343146644244,601.0,282032.3846153846,2082.949642857143,2.244882582075706,9.088699329270835,20.176403665315828,34.80762430357098,45.78962686137975,52.333684894434256,55.737942890300644,57.198498954023925,57.50542213799719,42.51855471849893,27.079402926245255,43.300356564547634,53.151048055714455,59.1545775465461,62.539233224450776,64.03244187386103,64.28489041125596,63.77932841889467,2.158718634295375,42.45925102427834,25.508618295471276,38.31231673693452,40.1679374596496,37.450956150757314,34.23946725158428,31.518809220638,29.34073708334052,27.58494441350149,1802.7879975426808,650.6896073440519,1467.833613751193,1613.4631997623214,1402.574116605947,1172.3411176723125,993.4353346869751,860.8788525937135,760.929158295967,6.0,True
124,102850.51626580046,2.694890756302523,102850.51626580046,0.12889457390766193,2.0,11.0,0.0,3.8,inf,0.07142857142857142,0.14285714285714285,0.21428571428571427,0.2857142857142857,0.35714285714285715,0.42857142857142855,0.5,0.5714285714285714,0.6428571428571429,0.7142857142857143,0.37678366460774576,3.528797029442434,177.72036676240705,131.52575602733052,92.93217223701222,46.265488999034794,26.702111320441734,18.024448084004536,3.9697730082466482,8.333333333333334,0.0,0.0,0.0,0.0,0.0,10.0,0.0,0.0,0.0,0.0,0.0,2.8499999999999996,6.637083072493748,0.36493290047637883,0.4824313937400293,0.4817229358519664,0.4824313937400293,0.4817229358519664,0.22864528011113094,0.21880850714084515,0.013269778622622777,0.17193334825427115,0.013269778622622797,0.21880850714084515,0.22864528011113094,34.45551340187542,-27.035597771624722,-25.937254412209086,-40.39605704705485,-2.876422259168912,-36.05668953574695,21.618408460701335,-46.27503005178591,-8.560578225407035,-32.8901857490272,-17.282086768774352,-34.28672347637042,303.14285714285717,0.00935806183693369,50.0,30.075750300120053,49.587000514491514,24.857142857142858,23.31868131868132,0.0,0.0,0.0,0.0,16.666666666666668,0.0,0.0,0.0,303.14285714285717,1.0,21.428571428571427,85.7115245900875,331.3794811988014,2.8277909330321203,11.31945331978946,21.47045776791917,-0.0921319867465021,-2123.6393170823694,0.9560480009581594,1.8986145428617527,0.0,50.0,0.0,0.27163015107911365,-0.0018151931479272827,16.147543894865773,0.0012213270410638133,80.26153930396553,323.14285714285717,791157.8174292343,6441.914691442004,4.329745252845762,4.699718583870697,11.087193652008768,23.81204861170963,34.581012112394085,41.50110862717346,45.43111825967087,47.42023175445767,48.21458054704723,68.95792254473714,77.61858079784437,77.02097153838247,72.74383055280616,69.8556919259976,69.15619094106798,69.10286043169853,68.87134007846022,68.27842492553502,2.1892171718448505,68.82185981017534,77.47616878953113,76.21879160442771,68.73609840839785,60.69572716215154,55.31940643384563,52.06936540345587,49.94580167097576,48.34560510516149,4736.448387731427,6002.556730303918,5809.304193639179,4724.651224408953,3683.9712957423403,3060.2367281930015,2711.218813518607,2494.583104556445,2337.2975329842166,3.0,True
125,615663.25,8.007500000000004,615663.25,0.10171141853927453,2.0,11.0,0.0,13.0,0.025,0.07142857142857142,0.14285714285714285,0.21428571428571427,0.2857142857142857,0.35714285714285715,0.42857142857142855,0.5,0.5714285714285714,0.6428571428571429,0.7142857142857143,0.5497436542219539,66.78273756009044,757.4056808595797,609.6281649768858,112.40244531865133,61.23479472763109,329.4012360890301,435.39843427692745,420.93268988359415,8.333333333333334,0.0,0.0,0.0,0.0,0.0,8.0,0.0,0.0,0.0,1.0,0.0,12.25,4.202742210774481,0.6785289740309942,0.01596848792064398,0.12912675315892047,0.01596848792064398,0.12912675315892047,0.285775822515056,0.36319311200650556,0.3908731835813425,0.17058413165808028,0.39087318358134243,0.36319311200650556,0.28577582251505607,-5.918055596125788,2.041146004227922,-259.01704249912586,400.4408927820084,5.068299952401582,-14.16295386881982,-19.786342168550405,51.87594776139177,7.0137824268799625,-7.154928623923939,31.196303453129897,-133.08891171857374,684.5,0.01055809917389017,50.0,82.10714285714286,128.3265306122449,121.03846153846153,51.65384615384615,0.0,0.0,10.0,0.0,16.666666666666668,0.0,1.0,0.0,684.5,3.0,35.71428571428571,209.70442634472795,1579.03338787367,2.374321742680208,10.038461538461538,22.507426136099603,-0.25252627826712737,-4128.543771525399,0.8200120268453241,1.5415788789464488,0.0,50.0,0.0,0.25192213756137244,-0.001281895130005917,18.57247019443814,0.062112150377813924,192.96207793348452,1573.5,4735871.153846154,37234.36352040816,6.530400798477473,22.147883558326264,43.515328491176845,79.73716239079668,109.59950689462708,128.4274953516107,138.84186309530273,143.8511456874486,145.56423425876247,162.05505746740906,158.73899897911008,154.21279444097217,147.71454474728927,142.01997340529743,142.988498380559,146.20411813110766,148.72187751887267,149.8216571599391,2.1955414086345764,161.9234248531586,157.18632590265838,147.9459433563439,124.34456829215597,90.31954901623442,62.86564329456224,45.81027407383731,37.749764729690774,35.46241191473673,26219.1955161765,24707.541050776734,21888.00215559851,15461.571663762641,8157.6209344959725,3952.0891068391384,2098.5812107200913,1425.0447371470054,1257.5826588104612,6.0,False
126,2297924.25,16.244999999999997,2297924.25,0.05025620187436553,0.0,0.0,0.0,0.0,inf,0.07142857142857142,0.14285714285714285,0.21428571428571427,0.2857142857142857,0.35714285714285715,0.42857142857142855,0.5,0.5714285714285714,0.6428571428571429,0.7142857142857143,0.3392623024595753,36.21221383411543,2974.803825089416,3580.5215091707414,5099.691574335878,3005.248064950774,4107.22326214492,4358.5150352160645,1615.6943181889164,25.0,0.0,0.0,0.0,0.0,0.0,10.0,0.0,0.0,0.0,0.0,0.0,1.5,8.954828227561126,2.2614196833453626,1.5970375544228261,0.810960536077505,1.5970375544228261,0.810960536077505,0.6484441673495316,0.5028348708718142,0.6082993451181318,0.45120027454217065,0.6082993451181319,0.5028348708718142,0.6484441673495316,-56.92166372362807,-44.252403826029024,134.42285438270443,136.09049881654488,-22.77768018540075,7.566145641343409,67.81942934803105,53.08859561245138,79.10387983288628,99.02466812131904,115.9042117533584,124.84619969267926,1512.0,0.041881833047083566,50.0,116.03571428571429,199.4234693877551,249.6153846153846,0.0,0.0,0.0,2.0,0.0,25.0,0.0,0.0,0.0,1512.0,3.0,42.85714285714286,405.1387989671829,3251.718168237364,3.29961345565775,-8.300000000000008,24.987848881076907,-0.035991641981761135,-5369.6832099345975,0.9186243916883516,1.7399213453052274,1.0,50.0,0.0,-0.003620543229720965,-6.249146874734669e-06,16.833837948957026,0.0036946433679960755,388.1664068911368,3245.0,17676340.384615384,150673.15943877556,0.20701390864956565,9.988494400164404,77.50753824944702,175.4826197123079,248.91861803682303,292.9090882015748,316.3683182110158,327.19607512561976,330.5256448053824,404.1786897778392,392.12190397568105,373.0958277456302,353.63187548392693,347.6368964506201,350.35427250189275,353.2620683267957,353.45888766961525,350.9404666035305,2.194913689816989,404.17863676321696,391.9946652151419,364.9562688812283,307.02011910815406,242.67454206912058,192.23002447394273,157.17880312198315,133.70083655322202,117.94918069189765,163360.37041577246,153659.81755713114,133193.0781957074,94261.3535371851,58890.93336845738,36952.38230925262,24705.17615085914,17875.91369503139,13912.009225889922,6.0,False
127,5905.331360946745,0.3842307692307692,5905.331360946745,0.0,2.0,11.0,0.0,0.0,inf,0.07142857142857142,0.14285714285714285,0.21428571428571427,0.2857142857142857,0.35714285714285715,0.42857142857142855,0.5,0.5714285714285714,0.6428571428571429,0.7142857142857143,0.09750399798300154,3.8315324411868543,0.1483290600924577,0.11308050734794153,0.0705798810729672,0.035082158341776366,0.013618098492280763,0.004601715012584115,0.001269967700812521,0.0,0.0,0.0,0.0,0.0,0.0,13.0,0.0,0.0,0.0,0.0,0.0,0.0,9.076923076923075,0.970983474450974,1.0992653954387641,0.44116689132525205,1.0992653954387643,0.44116689132525205,0.24126498399777835,0.15793237627888562,0.12119687328666731,0.11057355513587075,0.12119687328666735,0.15793237627888562,0.2412649839977784,-56.187817999448086,-43.123376515277116,138.4965030626167,141.33936300848134,-19.64244238335592,7.525180332440449,33.441056497423425,58.9611848437207,80.53285144634535,103.30864700039115,119.61873166738184,131.92344753014922,76.84615384615384,0.0071794871794871795,50.0,5.489010989010988,10.193877551020408,5.911242603550296,-5.911242603550296,0.0,0.0,0.0,0.0,25.0,0.0,0.0,0.0,76.84615384615384,0.0,7.142857142857142,20.537998513116303,88.85266007723314,3.3282011773513744,-2.1956043956043962,25.000000000000007,0.0,-268.96153846153857,0.9207822211616017,1.7499999999999998,0.0,50.0,0.0,-9.822542779147623e-16,1.987496629829738e-18,16.666666666666668,0.0,19.790910572464426,76.84615384615384,45425.6258534365,391.6801412872842,3.1510513396614748,3.1056171033213125,3.885558380668298,5.927806012152246,7.700417405047483,8.825165620886265,9.438397211031491,9.719853781395312,9.7987445230933,18.637083928338317,18.48989464981329,17.330737823978225,15.82765752726649,14.714977728609856,14.171407189610008,13.899112066005936,13.693254397801736,13.478319117314014,2.1940868854677014,18.368771673869322,18.227214448970308,16.889550307627726,14.675689376745721,12.539303861918567,11.088067166898718,10.203037504105566,9.64518835851389,9.254711880944834,337.411772806744,332.23134656875203,285.25690959388777,215.37585868272723,157.23414134152588,122.94523349765734,104.10197431018473,93.02965847121186,85.64969199930145,1.0,False
128,454821.683328742,14.999121212121208,454821.683328742,0.0677335199666907,2.0,11.0,0.0,184.75,0.016666666666666666,0.07142857142857142,0.14285714285714285,0.21428571428571427,0.2857142857142857,0.35714285714285715,0.42857142857142855,0.5,0.5714285714285714,0.6428571428571429,0.7142857142857143,0.9107950720287574,13.545115898459217,1059.5277576430608,480.78327705409015,189.49100135254568,401.77503245055067,14.488383841721625,473.27104341697196,645.6248220361617,8.333333333333334,0.0,0.0,0.0,0.0,0.0,3.0,0.0,0.0,0.0,0.0,0.0,134.92613636363637,1.0229981546103826,0.4200214179652247,0.22881003250644444,0.32372419120337004,0.22881003250644444,0.3237241912033699,0.4916887419384744,0.3679881999412872,0.8080109009635432,1.1492394635138836,0.8080109009635432,0.3679881999412872,0.4916887419384744,-30.695310511244898,45.77247843006941,-53.62063765885801,79.39375294411927,-81.47349543827117,195.06812959004068,-143.3397574038029,-116.86396399651792,197.57881283194916,1.7213202423364387,-0.15644891324053242,105.26579258054488,489.8,0.058092090979294735,50.0,108.9508658008658,117.07093382807669,138.2032634032634,-3.9076923076923076,44.0,35.0,45.0,-7.799999999999997,8.333333333333334,0.0,4.0,0.0,489.8,5.0,50.0,180.24223449266862,1797.814895917759,1.4758743055730026,-0.7441891441891471,15.998288582000816,-0.8293610870711389,-6756.249474210454,0.7040843083262257,2.3330839760837314,1.0,50.0,0.0,0.8190228979939178,-0.004629451586399579,17.23549877519696,0.12291171782248733,143.58611331236693,1796.642424242424,3498628.333298015,20616.971936151873,4.955769827475495,18.044183437614684,81.34788842574544,165.27153483707937,227.51384100265935,264.67041114894334,284.32492149736254,293.19120711004194,295.65049178165225,109.03827478495961,165.81258193835828,217.35456642284862,248.54319431094245,276.32572045017264,295.6057046193892,305.7981660276233,309.2923062374573,308.47216169246315,2.1374998246793737,108.92559714547102,164.82784890040423,201.55775498237966,185.6314607249616,156.82268947612013,131.65221633445768,112.56934467863152,98.49186144571337,88.0105746401435,11864.785713497444,27168.21977313449,40625.528593537,34459.03921088297,24593.3559345236,17332.306065774847,12671.857361376547,9700.646771041598,7745.8612484882715,3.0,False
129,725237.1469444445,17.703166666666668,725237.1469444444,0.08142559516401006,2.0,11.0,0.0,353.3333333333333,0.0011614401858304297,0.07142857142857142,0.14285714285714285,0.21428571428571427,0.2857142857142857,0.35714285714285715,0.42857142857142855,0.5,0.5714285714285714,0.6428571428571429,0.7142857142857143,0.7090260576130032,46.313243794178035,212.25403768554682,1608.6837667100426,645.5942327463126,243.5248275861338,272.17259808757836,577.0756414473132,55.387458752072696,16.666666666666668,0.0,0.0,0.0,0.0,0.0,6.0,0.0,0.0,0.0,0.0,0.0,329.0625,-1.5439403565573862,0.0,0.0,0.0,0.0,0.0,0.0,0.0,0.0,0.0,0.0,0.0,0.0,-26.436055551361783,-29.093735093590883,108.9786061862391,18.308671702538668,-97.57080164275686,-15.8042604494489,198.63398062127527,-223.56303465671107,469.3703159221058,125.24046093981666,-77.64341348350655,-36.664788892302624,413.0,0.027480974479676828,50.0,153.02738095238095,158.60272108843537,160.8487179487179,2.8820512820512842,57.0,57.0,175.0,0.0,16.666666666666668,0.0,1.0,0.0,413.0,3.0,35.714285714285715,227.60196254244954,2094.0884421574688,0.4659757149200111,12.677619047619048,16.947289604413946,-1.023323172933254,-8453.037210920962,0.754397525296263,2.227267650855468,1.0,50.0,0.0,0.6969783309294487,-0.00414139391772997,17.295418978810506,0.34498565176870977,168.47929852664237,2091.033333333333,5578747.284188035,28385.274032029476,32.5823461054488,39.97802046564569,95.84024180011254,185.59688787831462,255.7118529574261,298.5659173067883,321.6640637110154,332.37977471963234,335.6645059496433,201.44441111604604,182.92486292637548,128.75655389292356,204.77079488848102,271.767958779514,312.46473194904684,334.26129664629786,344.18233288507054,346.9330369857795,2.1367783507093225,198.79195530039772,178.50283851043287,85.98196451627105,86.51516427277173,92.02864595474229,92.15531311186427,90.90019005799799,89.35974276784785,87.70331577402388,39518.24149215532,31863.263356281674,7392.898222077294,7484.873649144677,8469.271676263304,8492.601734745744,8262.844552580156,7985.163627535935,7691.871597758145,6.0,False
130,104637.0625,4.5425,104637.0625,0.08472917399606855,0.0,0.0,0.0,0.0,inf,0.07142857142857142,0.14285714285714285,0.21428571428571427,0.2857142857142857,0.35714285714285715,0.42857142857142855,0.5,0.5714285714285714,0.6428571428571429,0.7142857142857143,0.4272490700243733,2.152636330278644,47.923918638266706,227.4956363047471,147.93404548137553,162.49577730814516,248.64171364501757,97.919658475635,115.05819292121109,16.666666666666668,0.0,0.0,0.0,0.0,0.0,9.0,0.0,0.0,0.0,0.0,0.0,18.5,7.1699333611973834,0.550070851671318,0.9563933581226,0.3221789120946048,0.9563933581226001,0.32217891209460486,0.2345475650858452,0.6345113700537083,0.08128278830923916,0.27866490813891176,0.08128278830923907,0.6345113700537083,0.2345475650858452,-59.151924355300416,-52.51141822038017,101.70222603614106,83.03777238200311,-13.848835454128071,-18.816452740012764,30.12837321306704,217.57151478600932,90.09874761073289,134.03510871212265,77.50059066377582,118.50449962664973,309.0,0.04861566334676909,50.0,32.44642857142857,47.76530612244897,64.03846153846153,0.0,0.0,0.0,17.0,0.0,25.0,0.0,0.0,0.0,309.0,3.0,42.85714285714286,86.45273791417564,838.6008637542513,2.919074882724149,1.1346153846153841,23.552090211489443,-0.2467114349794024,-1502.671628308558,0.8655530423431996,1.7138631118003762,2.0,50.0,0.0,-0.0025304350784205176,-0.0007446393198054307,16.81893100503549,0.10591851752202652,80.1330466525286,832.5,804900.4807692308,6421.305165816327,0.35077426347994484,11.49729341425292,33.632158544059415,54.64294644425009,68.9181545433545,76.95132800416629,80.84052450865474,82.24317485638103,82.20557278486339,84.68110581774904,80.18830467998293,63.21266480723585,68.26400001895408,77.00901383106405,82.86839203735649,85.84698210331335,86.83972944411103,86.59463649148577,2.1816796786848376,84.68037930909907,79.3597911514159,53.523068892760676,40.91603722843379,34.36096892654975,30.75164251307925,28.887954815323898,27.878285447084775,27.219016738396135,7170.766639932893,6297.97645159635,2864.718903699206,1674.1221024785793,1180.6761855713175,945.6635172522231,834.5139334121952,777.1987994691387,740.874872205089,6.0,False
131,101690.05555555556,8.675,101690.05555555556,0.044942403960618896,2.0,11.0,0.0,98.0,0.01,0.07142857142857142,0.14285714285714285,0.21428571428571427,0.2857142857142857,0.35714285714285715,0.42857142857142855,0.5,0.5714285714285714,0.6428571428571429,0.7142857142857143,0.8499145514073182,0.00018788103009793138,123.79758377075049,123.85441030334138,129.05366254908893,39.098276394498264,15.535751318485742,16.983671468193087,29.75462167289913,16.666666666666668,0.0,0.0,0.0,0.0,0.0,4.0,0.0,0.0,0.0,0.0,0.0,93.75,-0.8077328350901722,0.21240881154975533,0.8659163696029941,0.42770757995343495,0.865916369602994,0.42770757995343495,0.6860862930061238,0.6014551045010479,0.4126268262368165,0.48443796342339707,0.4126268262368165,0.6014551045010479,0.6860862930061239,-7.3273452747964,-44.90832164097763,-64.06926505051426,27.183213334628654,-70.75445130019968,143.78591621757087,-28.83264177840744,67.31347210546744,67.53794895817795,72.4076485893546,-27.155104484160585,40.440561266308094,178.5,0.06725552785448785,41.66666666666667,65.04761904761905,45.755102040816325,45.66666666666667,-4.794871794871795,71.16666666666666,49.5,18.66666666666667,5.0,8.333333333333334,0.0,1.0,0.0,178.5,3.0,42.85714285714286,85.22661202245105,595.9581804556417,0.33376918189529775,-7.550183150183152,12.939572018487244,-1.407368986058221,-4047.4363328879654,0.7640074848400543,2.783249992922689,1.0,41.66666666666667,0.0,0.909066466969908,-0.006202505819063701,14.736614451248258,0.12818217689087485,55.067074128386594,593.6666666666667,782231.1965811966,3032.382653061224,4.7931232587978965,22.829006674620675,60.11519263773773,101.92090971792331,131.60104918258608,148.71665825260217,157.29190558378636,160.6857467150684,161.05029220055144,58.50516543380325,67.44972010465206,83.16813577443611,116.58982303178087,142.9715873738016,158.42697225413067,166.0171278773204,168.74675192622627,168.6181913874712,2.1099981388228395,58.30849296511321,63.46889944253034,57.47262324205085,56.61550138303904,55.87520604192122,54.61191349687201,53.112552061219866,51.53209765061214,49.948952430445,3399.880351862657,4028.3011964460284,3303.1024223227237,3205.3149968528955,3122.038650227149,2982.4610957898317,2820.943186455791,2655.557088272225,2494.897848898857,4.0,True
132,374820.5625,12.0725,374820.5625,0.09673710870651606,2.0,11.0,0.0,170.0,0.006097560975609756,0.07142857142857142,0.14285714285714285,0.21428571428571427,0.2857142857142857,0.35714285714285715,0.42857142857142855,0.5,0.5714285714285714,0.6428571428571429,0.7142857142857143,0.7090260576130032,7.748461637405554,294.6332255685205,708.4674306520225,365.1891194260311,1078.5201651083923,36.637465893233696,556.6716056403666,22.492171186947687,16.666666666666668,0.0,0.0,0.0,0.0,0.0,6.0,0.0,0.0,0.0,0.0,0.0,140.25,2.4348490422226403,0.2963682198906386,0.2701130959778818,0.34826505384590634,0.27011309597788186,0.3482650538459063,0.47429299307374795,0.38052163146199625,0.49335233371431153,0.48750777437649206,0.49335233371431153,0.38052163146199625,0.47429299307374784,-34.77545321490996,-69.32838828177438,49.35391219388356,40.9015022492958,-70.76591224819606,95.63270458715938,37.508665474137345,-68.1041979278286,364.4684365904441,-2.092030400284898,44.79813536672161,164.4706102695757,491.0,0.03398013480001985,50.0,88.05357142857143,107.93367346938774,141.6153846153846,-3.923076923076923,18.0,18.0,132.0,-10.0,16.666666666666668,0.0,2.0,0.0,491.0,3.0,35.71428571428571,163.624256519101,1843.1304106786795,1.7982606041897313,10.290659340659342,20.48568149234177,-0.5800171992548748,-4511.612369738777,0.7994274768554731,1.8476524776468932,2.0,50.0,0.0,0.2928796212929699,-0.0023216495182242316,17.269180085021013,0.2819346118322268,137.91107961328575,1841.0,2883235.096153846,19019.465880102038,19.032652257998937,42.4000061219648,75.70342119730853,123.66553601173925,160.63997578840673,182.87432391686227,194.46606188223083,199.41645632756058,200.40978522039694,159.4667764816022,144.03704295079112,130.1877531887232,151.97650373493508,179.1766937934586,197.7215303395438,207.79122796123423,212.0115863337036,212.57190885727786,2.1597157470063957,158.32691163999684,137.65503704138615,105.91431961425614,88.33851306437056,79.36678006228377,75.17170486134837,73.21301246126932,71.98603812887306,70.87125244512916,25067.41094945937,18948.909222865394,11217.843099350805,7803.692890423968,6299.085777454923,5650.785211761667,5360.145193653977,5181.989685491567,5022.734423141226,7.0,False
133,253545.25,6.535,253545.25,0.027957899033801657,0.0,0.0,0.0,0.0,inf,0.07142857142857142,0.14285714285714285,0.21428571428571427,0.2857142857142857,0.35714285714285715,0.42857142857142855,0.5,0.5714285714285714,0.6428571428571429,0.7142857142857143,0.28608577375653055,0.3604520187610835,597.7777911261721,308.6264504622113,218.64015361216693,290.52245085693994,380.0817996164233,466.86407544257753,256.30958877651165,8.333333333333334,0.0,0.0,0.0,0.0,0.0,11.0,0.0,0.0,0.0,0.0,0.0,0.0,6.712268422025529,2.100759265255771,0.9052196070835032,1.3538862610436877,0.9052196070835032,1.3538862610436877,0.8639823655400646,0.007759828147430406,0.04964286919845318,0.15539301137764006,0.04964286919845318,0.007759828147430406,0.8639823655400645,-54.79886488775638,17.812799601427386,114.04523840924857,116.97920314107068,-36.11451869656105,-25.54292416899573,23.204207557137117,49.39318849189699,59.30215682915088,80.4936111112188,97.58827285895978,109.36198917178343,477.0,0.019241955256728095,50.0,46.67857142857143,77.73469387755101,95.61538461538461,0.0,0.0,0.0,0.0,0.0,16.666666666666668,0.0,1.0,0.0,477.0,2.0,42.85714285714286,134.5747933306977,1252.0087082150494,2.842134679997086,-11.535164835164844,23.341198377490432,-0.13168518762523504,-2412.474671796405,0.873773141148276,1.5996730941813626,0.0,50.0,0.0,0.1771203128904084,-0.0008530979772906325,17.931144257705913,0.02251559619672938,126.21999037152457,1243.0,1950348.0769230768,15931.485969387755,2.59453620832095,20.981940882641215,49.201524494074825,76.64138355546429,95.55139467055551,106.2287782625654,111.37402272774851,113.18409199469274,113.05925006449355,105.62529462198006,134.0313368882539,143.40669261178425,142.8723719858598,141.02471588408127,139.71319715031944,138.17382815642537,136.0723971703456,133.48124116269392,2.185530087590601,105.59342425475083,132.37884054806477,134.7022251980632,120.57617096080844,103.72030402335687,90.74813566573555,81.77917735487634,75.531838260572,70.95666083735598,11149.9712458438,17524.15742484996,18144.68947330973,14538.613003570106,10757.90146669758,8235.224126806745,6687.83384884032,5705.0585910212085,5034.847717187568,2.0,True
134,269639.6859567901,4.789305555555555,269639.6859567901,0.002353066542135292,2.0,11.0,0.0,0.0,inf,0.07142857142857142,0.14285714285714285,0.21428571428571427,0.2857142857142857,0.35714285714285715,0.42857142857142855,0.5,0.5714285714285714,0.6428571428571429,0.7142857142857143,0.19292394233698318,181.98792981359802,93.38397579087169,74.37861874392881,53.21854450587382,38.456896623755576,33.01740050035813,33.6152837210404,17.34631969024959,8.333333333333334,0.0,0.0,0.0,0.0,0.0,12.0,0.0,0.0,0.0,0.0,0.0,0.0,4.226609106017935,0.09389218855236117,0.12021517516042553,0.600279817165888,0.12021517516042553,0.600279817165888,0.12721138756535152,0.20025663011143618,0.08564555778345952,0.13258503929498267,0.0856455577834595,0.20025663011143618,0.12721138756535152,-17.123259962099787,-81.13008766261483,106.7444612839365,107.53978105267201,-11.474078282540193,-19.578128421024754,21.53663671535316,31.881017088096534,57.76900678357669,72.91343809160897,90.78737617997149,99.0412082319796,454.0833333333333,0.013211372961551017,50.0,50.4265873015873,86.44557823129253,34.929487179487175,-34.929487179487175,0.0,0.0,0.0,0.0,16.666666666666668,0.0,0.0,0.0,454.0833333333333,0.0,7.142857142857142,138.7803212575261,465.0877911797481,2.392896480152677,-19.063431013431018,20.011876641898837,-0.10084203854994554,-4042.869278329611,0.8358512283694275,2.0359177773396975,0.0,50.0,0.0,0.3567356084484138,-0.0025653205841663085,15.418449983855318,0.004229817303179728,129.2947673398175,454.0833333333333,2074151.430436847,16717.13686145754,22.61542037616731,32.17478188748017,41.6591109245972,60.70770986540668,76.81361323266678,86.86403551685609,92.20847525541765,94.52507352116615,95.00677073335467,128.15390925242517,161.1522455348506,158.9805505363774,147.4854155687218,138.70450723628568,134.27795243497832,131.7154401101737,129.4975639134915,127.1340881478893,2.1870485883236785,126.1426463092005,157.90766178820417,153.42533664887867,134.4117620164849,115.49289653395621,102.39730388958817,94.05612289738391,88.51344268158903,84.47952345991936,15911.967217888054,24934.829651417873,23539.333925821753,18066.521768376166,13338.609149803115,10485.207843856668,8846.554254487788,7834.629535346945,7136.789884015066,1.0,True
135,216722.0,2.655000000000002,216722.0,0.12983361172377517,2.0,11.0,0.0,4.0,inf,0.07142857142857142,0.14285714285714285,0.21428571428571427,0.2857142857142857,0.35714285714285715,0.42857142857142855,0.5,0.5714285714285714,0.6428571428571429,0.7142857142857143,0.37678366460774576,12.521573857541263,165.91574587834666,195.7416634943634,142.8802358102256,126.13647925039047,145.64605047621944,103.62062369132192,80.38158921239241,16.666666666666668,0.0,0.0,0.0,0.0,0.0,10.0,0.0,0.0,0.0,0.0,0.0,3.0,9.028816766755497,1.1082479944798052,1.263412800264997,0.32152263414415727,1.263412800264997,0.32152263414415716,0.36073192690583716,0.19875992269728376,0.5412957012813375,0.32021896024497587,0.5412957012813375,0.19875992269728376,0.36073192690583716,0.02680985661174793,-0.5068150718896787,-4.457956585388628,-8.836288187390632,0.9451851701799852,-2.862912268424311,-12.888175979372901,17.839254795174178,-22.545870757596262,33.89700535392202,-2.9777925561079,7.299373345702821,465.0,0.005309597467856016,50.0,35.714285714285715,61.3265306122449,40.84615384615385,35.46153846153846,0.0,0.0,0.0,0.0,25.0,0.0,1.0,0.0,465.0,2.0,35.71428571428571,124.41922221723964,538.2532127337003,3.3165816597978677,13.098901098901104,24.624481307286164,-0.03804950179452968,-1776.3927567396654,0.9189345516492505,1.751066750637271,2.0,50.0,0.0,0.010173173608910903,-0.00019312389910997393,16.66187441973347,0.003315657980365705,119.18318947343717,531.0,1667092.3076923077,14204.632653061224,0.16426874925995857,0.5483073470397913,9.167313909964856,25.437144900792855,39.080964784036446,47.866502349928375,52.90773013707429,55.52193606060926,56.63994840142275,87.4726673457704,88.18640550339664,83.06845099765285,77.5553644147976,75.27496998811614,75.81374181962816,76.9115383766492,77.525631741318,77.48689709766532,2.1931294340287195,87.47251310189861,88.18470091043393,82.56105563051877,73.26517732735054,64.33505497208102,58.79218826917007,55.822547659573054,54.106729645877415,52.878497207355856,7651.440548361824,7776.5414746626875,6816.327906825615,5367.786208808121,4138.999298260688,3456.521401477539,3116.156827205305,2927.53819297207,2796.1354669083407,6.0,False
136,573019.9572356073,16.273490079365082,573019.9572356072,0.07530025123170597,2.0,11.0,0.0,112.5,0.011960132890365452,0.07142857142857142,0.14285714285714285,0.21428571428571427,0.2857142857142857,0.35714285714285715,0.42857142857142855,0.5,0.5714285714285714,0.6428571428571429,0.7142857142857143,0.9624786378518297,27.15346253902722,867.8147803784422,496.8560173770509,237.66527313574773,955.3255030687596,964.4996351616161,562.7261840828779,57.607905706512355,8.333333333333334,0.0,0.0,0.0,0.0,0.0,2.0,0.0,0.0,0.0,0.0,0.0,65.23958333333334,5.409632187412013,2.117655648608906,0.4635127044282932,0.40716875273104913,0.4635127044282932,0.40716875273104913,0.5895030337367333,1.1000317850613617,0.39067669937958854,0.8749522390173176,0.3906766993795885,1.1000317850613617,0.5895030337367333,-49.07475814020548,-39.23489248864823,90.94955554390582,84.27458791700934,94.73734258078424,-34.609703062242666,49.602693156661154,-0.2900929922435879,75.37741349939297,53.24584521896285,74.42220562647137,65.21134228356581,655.5,0.06878609140427969,50.0,119.31510770975058,103.3911443148688,134.23745421245422,6.625,66.96825396825398,30.301587301587308,32.75,0.6666666666666643,16.666666666666668,0.0,4.0,0.0,655.5,4.0,35.71428571428571,202.31163324287738,1746.7771736517834,2.5036394972423404,9.713752834467119,19.94764760472446,-0.6460248816649635,-6020.92698909959,0.8441581701565477,1.5657605153909957,1.0,50.0,0.0,0.29275958932827106,-0.002598352660427419,18.039143767508083,0.08545111914965509,163.38268579507175,1745.0869047619049,4407845.824889287,26693.902017611137,4.076885513531226,29.370866458870164,95.73761161065741,179.75126964696466,241.59741549360564,278.1863919181661,297.23653065083823,305.52050249781814,307.440750565621,154.8553328077894,152.65106821660115,208.39030007939667,255.9325161399307,292.1966771317983,314.5434618194685,325.517853298814,328.8987000289275,327.62216451020146,2.135506485803275,154.80165730224198,149.7988679233746,185.096804106035,182.1837914799779,164.34593683348083,146.79891254681664,132.7114074332779,121.78496390851865,113.20983866253493,23963.55310352077,22439.700831124625,34260.8268902679,33190.93387802007,27009.586953674472,21549.92072492792,17612.317662921494,14831.577434199191,12816.467569997189,1.0,True
137,20242.265625,4.011250000000001,20242.265625,0.05509748708032775,2.0,11.0,2.0,47.0,0.027777777777777776,0.07142857142857142,0.14285714285714285,0.21428571428571427,0.2857142857142857,0.35714285714285715,0.42857142857142855,0.5,0.5714285714285714,0.6428571428571429,0.7142857142857143,1.0000000000000004,1.2608155960821081,13.77092881774613,13.327548294301193,4.569341904417048,6.222038858234214,5.225690726675374,4.833498784246971,4.941928149456098,8.333333333333334,0.0,0.0,0.0,0.0,0.0,1.0,0.0,0.0,0.0,0.0,0.0,31.75,-1.3864031759736377,0.4230558318508768,0.3760630108490074,0.6565526317525439,0.3760630108490074,0.6565526317525439,0.09595069642168211,0.1885465106023133,0.08534582652971597,0.22400253020444452,0.08534582652971598,0.1885465106023133,0.09595069642168211,-25.64236606421609,-42.018842411861456,11.431775155101928,65.49397282622445,46.473905910771435,-28.7663645529375,-138.67839440501015,19.215042327055833,2.1018489154029005,127.62257065953396,202.96570048551703,184.12168460735148,63.0,0.056783294306159846,50.0,32.223214285714285,18.61989795918367,20.46153846153846,-0.46153846153846156,41.0,16.5,14.0,6.875,0.0,0.0,5.0,0.0,63.0,5.0,42.857142857142854,38.02467772475434,266.7011133401102,-0.24574917550884867,-0.8700549450549473,12.58300924211165,-1.9669992884331347,-1790.3709122363755,0.8099495554945727,2.658972104796998,1.0,50.0,0.0,1.0130457547672984,-0.0063858809611997205,16.12618687036714,0.11921616114514422,20.187634263785522,266.0,155709.73557692306,407.5405771683673,4.7346380327500315,14.190785958846336,28.353205457913607,45.442246847179035,58.12954706385672,65.62022493041118,69.44070357563172,70.99274722378178,71.20297764615286,21.166337993337702,36.73597534494072,44.084513356420246,50.50522761053412,59.254324874253825,65.86119257744913,69.68239445478983,71.44054907232777,71.86943402473293,2.1251307081302997,20.63000404137255,33.88441350258703,33.75707419391872,22.04042235239391,11.49046450124984,5.628744780684651,5.798688116649747,7.98635670227011,9.764810359494586,425.59706674704785,1148.153478414302,1139.540058133733,485.7802174719051,132.03077445448272,31.682767806084705,33.62478387417499,63.78189337589471,95.35152135689277,2.0,True
138,1177599.752695098,27.256470779220784,1177599.752695098,0.052428837558149984,2.0,11.0,42.5,441.57142857142856,0.001487504958349861,0.07142857142857142,0.14285714285714285,0.21428571428571427,0.2857142857142857,0.35714285714285715,0.42857142857142855,0.5,0.5714285714285714,0.6428571428571429,0.7142857142857143,1.0000000000000004,231.40793110804088,254.98717167003167,1297.103761252578,315.1767547152512,238.4600429631245,9.992881997752564,437.86357246210594,137.40508088287046,16.666666666666668,0.0,0.0,0.0,0.0,0.0,0.0,0.0,0.0,0.0,0.0,0.0,291.6369047619048,-0.9695632068780049,0.44256513232990047,0.2567916795309312,0.3929985134587711,0.25679167953093124,0.3929985134587711,0.30039482059956546,0.03023505762819826,0.09743530831743087,0.35379466768665646,0.09743530831743089,0.03023505762819826,0.30039482059956546,-13.641550526515681,-102.6320552878337,-101.84736094285678,127.86982898315789,13.526164306629648,-49.62977058048461,0.1499468816984488,51.54608600289912,242.065533204591,257.066988110013,-74.90044262194827,76.34845101152807,583.3333333333334,0.03603441326084159,41.66666666666667,231.29281849103276,152.99298303737078,148.0529304029304,-10.904761904761909,135.9875,96.5,126.69696969696975,5.266666666666666,8.333333333333334,23.75,4.0,0.0,559.5833333333334,3.0,21.428571428571427,290.02459904230517,1924.8405300979089,0.6819501925340183,-5.611237571951873,12.332929209089356,-1.7042161948614074,-13889.214001046113,0.6492626167641204,3.02925375044982,1.0,41.66666666666667,0.0,0.997892960841101,-0.006514493549611187,14.618636110362868,0.32648967086178526,174.97971357881468,1924.6880952380952,9058459.636116138,30617.900164124025,38.35821298725642,82.58275262708915,177.67645030439613,307.71145044928096,406.7749477684093,466.36563369685234,497.6865574445945,511.3961990461462,514.6046825421647,217.16781291091957,253.8141579375852,241.59456416106573,322.89167957474297,410.7650996612498,468.67289216127386,500.6323063926349,515.3920797868868,519.552743851517,2.1240941132158038,213.75337765971426,240.003574427754,163.7040391664322,97.84017580216336,57.11487518785588,46.44755702237122,54.229113425884584,64.05406706999278,71.53372875307168,45690.50646093643,57601.71573809844,26799.012439404767,9572.700000998231,3262.1089677243554,2157.375553346426,2940.7967429574555,4102.923508207134,5117.074349318034,0.0,False
139,277301.376983475,12.78197664835165,277301.37698347494,0.10633002708452056,2.0,11.0,0.0,159.0,0.004643141416821438,0.07142857142857142,0.14285714285714285,0.21428571428571427,0.2857142857142857,0.35714285714285715,0.42857142857142855,0.5,0.5714285714285714,0.6428571428571429,0.7142857142857143,0.7821952376742991,2.5824166024756567,552.3997348703082,124.17127213905584,88.78143650947162,90.45806082700477,43.556486965248695,35.47550183622936,5.857130347383107,8.333333333333334,0.0,0.0,0.0,0.0,0.0,5.0,0.0,0.0,0.0,0.0,0.0,157.28571428571428,-0.14282654402009287,0.38677655555861223,0.025540149282013792,0.989243738688455,0.02554014928201383,0.989243738688455,0.29893693233008944,0.84508859870847,0.47780995248261704,0.022795117476196815,0.47780995248261704,0.84508859870847,0.29893693233008944,-11.268008225063578,-56.78369496474948,-63.596036253863616,-206.27039988997336,62.70815103398959,54.976683629634095,169.37109954717326,-255.2846119623972,64.5139223237626,272.09874873740756,-8.097932431868216,55.260831297113,329.6,0.021144341737972656,50.0,103.07126177394035,79.23376177394036,50.8739010989011,25.353846153846156,111.49615384615385,79.25384615384615,40.80000000000001,0.0,8.333333333333334,0.0,2.0,0.0,329.6,2.0,35.71428571428571,140.73820097296027,665.4445571861627,0.6496113684429525,20.83738648713924,15.018097846789093,-1.1569188033601694,-6057.458598741525,0.7719533086520607,2.1739690668466203,1.0,50.0,0.0,0.7690299975205468,-0.00513354967879418,16.716117347341033,0.0680607676338556,95.83087294516949,661.3607142857143,2133087.5152575,9183.556209433218,9.361462746257047,29.300640402461656,73.63791857770197,133.68027826838934,179.67269858184605,207.54579145875772,222.37974842902454,229.06126771650457,230.86332642883215,68.94694097008454,90.38509676137134,145.68198668688996,194.4120767922781,228.74934477884844,248.7273070392071,258.31639220076596,261.3400852216121,260.4487147716584,2.0991948405197514,68.30844519078708,85.504024399838,125.70082813006015,141.15820487939277,141.57677818438157,137.076685525781,131.4328953050327,125.81564201540009,120.56391473580801,4666.043684382764,7310.938188568092,15800.69819258292,19925.638804772625,20043.98412106958,18790.017714733858,17274.605968263688,15829.575775747307,14535.657536423185,1.0,False
140,30030.7641723356,3.786190476190476,30030.7641723356,0.06514284180387353,0.0,0.0,0.0,0.0,inf,0.07142857142857142,0.14285714285714285,0.21428571428571427,0.2857142857142857,0.35714285714285715,0.42857142857142855,0.5,0.5714285714285714,0.6428571428571429,0.7142857142857143,0.5497436542219539,1.9670733850029247,69.08224827528261,45.995148658225595,16.035364802254385,11.910950991612832,64.76890848814138,6.056064636710108,0.41446818841724464,8.333333333333334,0.0,0.0,0.0,0.0,0.0,8.0,0.0,0.0,0.0,0.0,0.0,43.5,-0.6411147182823194,0.01494274051709732,0.5351540068977594,0.7989815810491008,0.5351540068977593,0.7989815810491008,0.3741142905389566,0.20760287925918433,0.3355027847518057,1.3695808475548104,0.3355027847518057,0.20760287925918433,0.3741142905389565,-12.965263467253687,-38.16159280980691,25.39184747072167,-2.587704715345403,119.71183779922981,-214.60956568318656,122.54241431216528,87.50663074367422,-16.258030678516956,-104.81995819317311,107.0921903372406,106.06139932145807,99.28571428571429,0.06105105211305682,50.0,27.044217687074827,32.485422740524776,32.35164835164835,0.0,0.0,0.0,16.0,0.0,8.333333333333334,0.0,1.0,0.0,99.28571428571429,4.0,42.857142857142854,46.31473398108054,424.84976963937225,1.0109572381995469,0.36661433804290966,17.503114666027027,-0.6040301385900086,-1701.7413647634444,0.7575860317605644,1.8424202803579737,1.0,50.0,0.0,0.5364358407146633,-0.0038555410289003865,16.88447133616084,0.07044837920061242,37.598734997767764,420.57142857142856,231005.87824873536,1413.6648734323664,0.7552023820849507,4.633630953744792,19.148795950304418,40.158911749809,56.251327691499355,66.03697496775455,71.31541382764564,73.7827398311432,74.5662438705817,32.95799343881399,46.973432156611146,58.73354597377774,65.22745684302355,70.91221029224764,75.10490345790468,77.39932045628015,78.17956525344556,77.94377544684352,2.148353742874652,32.94933991561894,46.7443343385725,55.52434633840788,51.39925031826392,43.17788440249832,35.775193368161446,30.07933772019582,25.848631031982833,22.695977748070277,1085.6590008749995,2185.0327927562485,3082.9530363074687,2641.882933279553,1864.3297014755078,1279.8644605293428,904.7665576855951,668.1517262275859,515.1074059409012,6.0,False
141,103268.42448979593,5.744857142857143,103268.42448979593,0.01484116700981836,2.0,11.0,0.0,73.0,0.0047169811320754715,0.07142857142857142,0.14285714285714285,0.21428571428571427,0.2857142857142857,0.35714285714285715,0.42857142857142855,0.5,0.5714285714285714,0.6428571428571429,0.7142857142857143,0.5497436542219539,19.622516109374804,275.0112760617448,36.20324150989588,0.7291095595834667,18.21768081719456,50.951554894895324,52.469403615791734,20.81761354649361,8.333333333333334,0.0,0.0,0.0,0.0,0.0,8.0,0.0,0.0,0.0,0.0,0.0,68.0,0.37806234051962306,0.23586158694594556,1.1969571587765473,1.4048307911025266,1.1969571587765473,1.4048307911025264,0.07193425367454076,0.4390649249016635,0.44908234358487154,0.43268703906986766,0.44908234358487154,0.4390649249016635,0.07193425367454072,-43.50734501208245,91.79194832418591,113.74024114174827,0.13947478720923812,-52.55154779275669,63.21847870151505,68.50133340925507,-204.8882556732139,-61.24257769365897,137.58399140942694,34.38629581227267,55.07863897677971,218.0,0.03556626517035151,50.0,48.820408163265306,56.442565597667624,47.21758241758242,-16.76923076923077,0.0,0.0,0.0,0.0,8.333333333333334,0.0,2.0,0.0,218.0,2.0,35.71428571428571,85.88548209671657,620.864904853571,1.3094522764340217,-13.497142857142864,17.879792730407118,-0.684730044578185,-2801.0721297808104,0.640623280634424,1.8866278943695876,1.0,50.0,0.0,0.6645440772468576,-0.0036618208815049095,18.668992755321625,0.13102347014020932,70.66034094000398,613.8285714285714,794372.4960753532,4992.883781757601,10.065012494212239,22.010112383452544,43.35964778248721,70.22382815672721,90.27556530036104,102.13725282540857,108.20789397862575,110.69898630624455,111.07210783024577,35.76467418065115,72.9314789192848,107.12069501127824,121.30142776884597,128.57734332179083,132.3333953141999,133.45763598204272,132.77123480605727,130.9623516597729,2.134499037944344,34.319199331270624,69.53096842574446,97.95296955109603,98.90728152049778,91.55575091380075,84.14338417643343,78.11525000040591,73.30712941245942,69.38389160608016,1177.8074427394863,4834.555570221873,9594.784243877946,9782.650337775001,8382.455525389927,7080.1091006628685,6101.992282625915,5373.935222695072,4814.124414404279,1.0,False
142,14267.777777777777,1.6866666666666668,14267.777777777777,0.04444832956934819,0.0,0.0,0.0,0.0,inf,0.07142857142857142,0.14285714285714285,0.21428571428571427,0.2857142857142857,0.35714285714285715,0.42857142857142855,0.5,0.5714285714285714,0.6428571428571429,0.7142857142857143,0.19292394233698318,0.39036796357642356,41.9112500816472,33.92503975156673,36.12761950039369,18.53537920407486,7.983774170966014,2.9283489194057433,0.12287146937612206,8.333333333333334,0.0,0.0,0.0,0.0,0.0,12.0,0.0,0.0,0.0,0.0,0.0,0.0,2.257730235104934,0.14793351920580988,0.6589996480676412,0.28909974363525237,0.6589996480676414,0.2890997436352523,0.5476505913986605,0.10277732252462563,0.8086226656256037,0.12139917495282133,0.8086226656256039,0.10277732252462563,0.5476505913986605,5.171765583831375,-126.94411800276943,117.79345703826282,74.50093543262875,34.81210144246231,-77.41079394572473,63.70357657144446,-22.743392200501887,89.06017205995511,25.201537428845384,111.08398405953542,58.79257377815979,89.0,0.050251543901655316,41.66666666666667,12.04761904761905,20.65306122448979,13.692307692307692,0.0,0.0,0.0,0.0,0.0,16.666666666666668,0.0,0.0,0.0,89.0,1.0,28.571428571428566,31.923768325919546,188.06531226387477,2.0564635830097138,-1.5032967032967042,18.827876235577165,-0.12196978521477224,-1035.735217586776,0.7975549596176099,2.136507335153646,0.0,41.66666666666667,0.0,0.4036841997455369,-0.0031742350788460287,14.755813599270812,0.008526603433621438,29.56318418929921,178.0,109752.13675213675,873.9818594104308,0.00016006428850061965,1.1477802928767302,9.019335821638347,19.058639677638162,26.264084550885457,30.472565954789044,32.65424369689254,33.607820343265175,33.840705034074155,32.90170923946131,41.57815501291564,41.21147494764315,38.697480815540274,37.62194418664572,37.511448877649705,37.49069513454687,37.262380728782325,36.814596726328006,2.1864123373871247,32.90170923907196,41.562309544554005,40.21240167779997,33.678825322553394,26.93712210105276,21.87536333484678,18.418810772020258,16.093459210236322,14.495558454883641,1082.5224708524333,1727.425574677325,1617.0372486967296,1134.2632751070637,725.608547087025,478.5315210315589,339.25259025548945,258.99942935154024,210.12121491894862,2.0,True
143,45987.836708676274,4.243106481481481,45987.836708676274,0.01809517649676431,2.0,11.0,0.0,77.48148148148148,0.0037091988130563795,0.07142857142857142,0.14285714285714285,0.21428571428571427,0.2857142857142857,0.35714285714285715,0.42857142857142855,0.5,0.5714285714285714,0.6428571428571429,0.7142857142857143,0.5497436542219539,8.038675193991727,155.37158163491173,25.365715934294588,5.292754102205973,7.32360598845398,6.371327028725927,6.102504523095752,2.362011869590772,8.333333333333334,0.0,0.0,0.0,0.0,0.0,8.0,0.0,0.0,0.0,0.0,0.0,74.96111111111111,-0.8451771497568838,0.22580219915717384,0.7653428850351145,0.46414517730470006,0.7653428850351145,0.4641451773047001,0.2415187422153724,1.1750062969047148,0.16465602042581162,0.020491756919196802,0.16465602042581157,1.1750062969047148,0.2415187422153724,-17.50382056194689,14.143601386850216,-38.5994214728203,3.672088377340838,29.67084986778137,176.57741693957055,-218.35844628763743,-136.9265111938864,-3.785699336847067,15.36485970892974,201.37150260454362,54.58028931116621,129.125,0.050187023357257214,50.0,34.91951058201058,40.95365646258502,16.453490028490027,-9.932692307692308,0.0,0.0,0.0,0.0,8.333333333333334,0.0,2.0,0.0,129.125,2.0,35.71428571428571,57.313571509644746,221.47347380762804,0.8327395464351098,-9.527299552299556,14.378276938438706,-0.7740657818214944,-2430.570853050649,0.5454080400160193,2.6313183401288787,1.0,50.0,0.0,0.9268906385614111,-0.005462600431660092,15.827880820840662,0.10670488125081412,45.447478036784545,213.89537037037036,353752.5900667406,2065.4732599040135,6.650421336835391,15.675976884567891,31.66426647519296,51.137175410156715,65.48293420473512,73.90527325490959,78.1785838464496,79.89901012446752,80.11399667498377,30.217173778849105,55.01763992668124,79.71099822001774,89.05473719655164,93.63926053666614,95.94506671252708,96.51555421854235,95.87308293186152,94.47476591312343,2.144474098021642,29.476252937300735,52.73712593435902,73.15201614323179,72.9090907104028,66.93501655928662,61.18387378703982,56.5982440882757,52.9886422923803,50.07223712897359,868.8494872237303,2781.204451816443,5351.217465819644,5315.735508217743,4480.296441791975,3743.4664115884184,3203.361233876035,2807.7962119898343,2507.2289311001614,1.0,True
144,170350.6619913178,10.746626419474245,170350.66199131781,0.07856031885583564,2.0,11.0,0.0,121.72727272727273,0.0059875043387712604,0.07142857142857142,0.14285714285714285,0.21428571428571427,0.2857142857142857,0.35714285714285715,0.42857142857142855,0.5,0.5714285714285714,0.6428571428571429,0.7142857142857143,0.9107950720287574,2.1007152726476654,32.99544155694393,239.68893978041436,243.11025492338212,203.45126050896764,108.94380812821153,27.09215620342185,13.986463146579572,16.666666666666668,0.0,0.0,0.0,0.0,0.0,3.0,0.0,0.0,0.0,0.0,0.0,109.84497145366711,-0.8091950916850106,0.770555650173277,0.005620102484729531,0.6220751734998846,0.005620102484729522,0.6220751734998846,0.03719556220312998,0.027214652197682522,0.15364414300649668,0.039116992399770324,0.15364414300649665,0.027214652197682522,0.03719556220313,-18.821385371549972,-110.97814755605368,-5.050782658393046,-116.65215016924333,14.0893020428005,-11.007374008817504,232.68355174838862,51.11565821334798,192.29655607186646,118.84707500591085,-139.72606636184003,132.8455471145847,222.0,0.040789657179217474,41.66666666666667,79.99631115950992,63.4902286267415,73.72360972360973,-6.967032967032965,72.36666666666667,60.42222222222223,55.393939393939405,-18.88888888888889,16.666666666666668,0.0,3.0,0.0,222.0,3.0,28.57142857142857,110.30822466140624,959.8234649998177,0.6419075980848326,0.9351035920601125,16.751693969861627,-1.1978949532009266,-4243.333272147312,0.8834436468969132,1.8423449337245268,1.0,41.66666666666667,0.0,0.43067479914161694,-0.004241985958356875,16.379922709357263,0.3051286554634943,75.95060650726985,958.4069264069265,1310389.7076255213,5768.494628822141,7.710512876023716,31.612082736823965,70.43546016869024,120.04807901963709,157.41507951224526,179.7389067871671,191.3662804975715,196.35527455307525,197.39858132201624,94.68662058530525,81.6406668486882,83.69962527481825,128.73904958065197,164.78340827489885,186.31770733235248,197.43413538258642,202.0628280371627,202.82884420585083,2.114832335598876,94.37215748860585,75.27200481280336,45.21585144581315,46.499479681223725,48.72437156952869,49.073551456341534,48.571437108595475,47.68639879003678,46.6190962368068,8906.104109054226,5665.874708538691,2044.473221969843,2162.201610624538,2374.064384845496,2408.2134525382003,2359.184502794246,2273.992629562422,2173.3401339366537,3.0,True
145,60699.25,4.324999999999999,60699.25,0.06165084412080875,0.0,0.0,0.0,0.0,inf,0.07142857142857142,0.14285714285714285,0.21428571428571427,0.2857142857142857,0.35714285714285715,0.42857142857142855,0.5,0.5714285714285714,0.6428571428571429,0.7142857142857143,0.4647704321725439,2.01822861973451,139.24608077729022,66.71868011655458,35.75642279225784,94.48191681514986,140.50682277668636,62.04764040362287,3.2295463212144164,8.333333333333334,0.0,0.0,0.0,0.0,0.0,9.0,0.0,0.0,0.0,0.0,0.0,13.0,0.9840585009248377,0.859141989007729,0.1251169802835822,0.1525506620757028,0.12511698028358223,0.15255066207570273,0.4793052715890683,0.9019113747043561,0.5957621262225444,1.4293691967716866,0.5957621262225445,0.9019113747043561,0.47930527158906827,-45.7562096920619,-21.485491918423843,98.65464007415262,73.37298776517582,137.6426074100518,-68.66186617630513,-26.122312709089346,-66.74298472884593,126.93354679341041,56.90139042547176,105.81709809098831,18.14002573777778,176.0,0.06951634152051321,50.0,30.892857142857142,45.688775510204074,51.92307692307692,0.0,0.0,0.0,12.0,0.0,16.666666666666668,0.0,1.0,0.0,176.0,3.0,42.857142857142854,65.8457342147972,680.2170098925695,1.6310741821953099,-0.867032967032967,21.6407268738472,-0.3416107301694642,-1599.9914104104885,0.8282496533580894,1.535235726305065,1.0,50.0,0.0,0.19484370072932566,-0.0017276261791642968,17.97480776771171,0.06837350207748194,58.148878680820104,675.0,466917.3076923077,3381.2920918367345,0.2605034540894854,3.1927931450140514,21.288591869282932,46.70337204989967,65.81578499596085,77.32772637973837,83.49628943137608,86.35834765382504,87.24942955248126,53.486320480837996,62.60760220678719,78.09991188427685,82.05703566816639,85.89881078733185,89.34464058386996,91.32126104554422,91.8812336279579,91.42043537403585,2.1726808649459883,53.48568609010562,62.5261379425953,75.14247861599263,67.46963866670238,55.19862443977471,44.753631517467014,36.98570494313048,31.37509973683706,27.29895688016075,2860.7186165293174,3909.517926016455,5646.392092554909,4552.152141815382,3046.8881400432942,2002.8875340012169,1367.9423701403061,984.3968834964729,745.2330467448759,6.0,False
146,61501.77777777778,4.486666666666667,61501.77777777778,0.10111664342132837,0.0,0.0,0.0,0.0,inf,0.07142857142857142,0.14285714285714285,0.21428571428571427,0.2857142857142857,0.35714285714285715,0.42857142857142855,0.5,0.5714285714285714,0.6428571428571429,0.7142857142857143,0.4647704321725439,0.7934276618436313,57.89727818520219,32.486559924033514,104.607092384057,56.718375930237876,124.70847662736007,119.09093700061854,35.738961501068296,8.333333333333334,0.0,0.0,0.0,0.0,0.0,9.0,0.0,0.0,0.0,0.0,0.0,50.0,4.624082923218711,0.00935154091372405,0.24162939797923713,0.45159847652797114,0.24162939797923713,0.45159847652797114,0.2524615243956046,0.01535204081903312,0.7078471761281638,0.6184303824007432,0.707847176128164,0.01535204081903312,0.25246152439560454,-64.34688843571328,-57.92554179773623,363.6099777512833,29.05016433363243,-43.365301695101046,71.91583737042528,-9.735785339542351,121.7962276294981,-13.71842832154889,83.2904831683073,274.471119126015,75.70503020826484,218.0,0.009468550400632946,50.0,32.04761904761905,41.204081632653065,69.02564102564102,0.0,0.0,0.0,54.0,0.0,25.0,0.0,2.0,0.0,218.0,5.0,50.0,66.27959057646726,900.411603953678,2.285558244015053,2.811721611721611,24.330380329642395,-0.4857544523180513,-1026.4347623336562,0.8469129349019667,1.5589724980040764,2.0,50.0,0.0,-0.07320613034223097,-0.0003443758304696228,18.3852898546266,0.14285124639016888,58.0166720896917,897.3333333333334,473090.5982905983,3365.934240362812,10.021278947037347,14.822988314471,25.92566550268282,42.338908927246045,55.19080522900548,63.010031272473256,67.13886539008544,68.94483938348576,69.35798311056251,58.029004237901134,47.549757186826525,46.456198395698046,51.408133367687,58.97696987029668,65.1636036171745,68.95296067524886,70.81058483301365,71.36658006439627,2.16726884274712,57.157145669706196,45.180288024261394,38.54916649713012,29.158411602833553,20.790815117639415,16.614186571065673,15.712528122947072,16.14769478219026,16.81246349952344,3266.9393011080138,2041.2584259552173,1486.0382376234597,850.2129672002584,432.2579932558637,276.0311954181789,246.88354001440263,260.7480467787746,282.65892892280795,10.0,True
147,318011.4804456899,15.416529667700722,318011.4804456899,0.08345379843379225,2.0,11.0,35.68421052631579,176.0,0.003789183603169136,0.07142857142857142,0.14285714285714285,0.21428571428571427,0.2857142857142857,0.35714285714285715,0.42857142857142855,0.5,0.5714285714285714,0.6428571428571429,0.7142857142857143,1.0000000000000004,0.48271153642722137,97.23937949176101,155.52389640630358,385.60759872315793,29.55904247683733,399.9135046294799,75.89499419874303,121.67985631554346,25.0,0.0,0.0,0.0,0.0,0.0,0.0,0.0,0.0,0.0,0.0,0.0,116.94967532467533,1.7689196310200979,0.4846416583056011,0.37409875457921316,0.10330992098076955,0.37409875457921304,0.10330992098076955,0.6358577569372612,0.298193689072827,0.30419653650380685,0.6311858411096353,0.30419653650380696,0.298193689072827,0.6358577569372611,-69.48374339501392,-68.77457498393873,-94.08406879334113,112.7792364432293,-31.032994713186472,7.5142586390630655,245.38294370076062,249.08644652880932,-88.4407903792146,155.82786236632907,132.9284427344828,202.9526138304393,374.6,0.0372179149340235,50.0,120.62434848985602,70.88140228461121,104.91190813235349,6.865595942519021,88.9375,52.84539473684211,67.46153846153847,-7.321428571428569,8.333333333333334,35.0,5.0,0.0,339.6,4.0,42.85714285714286,150.71531357536534,1364.0529014678054,1.460547555743813,7.410599137704402,15.467764473859397,-1.7455670150888747,-5953.096643587783,0.7697543168391618,1.913011045875314,2.0,50.0,0.0,0.6469357585761107,-0.004902292556300878,17.45976261870744,0.41256172130573976,90.35968292063933,1363.8548057205953,2446242.1572745373,8164.87229751848,9.942983147514765,41.18508257859926,101.03546836145765,173.5684318747025,227.02555180370285,258.5994316571892,274.86658599749404,281.70699313282506,282.973376727977,93.27551885506998,93.2591249806579,124.5082757972474,187.10870279123853,238.07973370066046,268.95235656485136,284.94427181664594,291.59604758284536,292.67705317774556,2.091505319193748,92.74405373828962,83.67229747743235,72.76087461668057,69.883232014388,71.70326650300979,73.90334260617509,75.11057144770524,75.29558410690154,74.73904949874147,8601.459503810753,7001.053365151932,5294.144874984311,4883.666116776784,5141.358427201645,5461.704048365695,5641.5979432008335,5669.424985999483,5585.925519975326,0.0,True
148,112924.00840277776,5.894458333333334,112924.00840277776,0.02526269190833257,2.0,11.0,0.0,87.8,0.003816793893129771,0.07142857142857142,0.14285714285714285,0.21428571428571427,0.2857142857142857,0.35714285714285715,0.42857142857142855,0.5,0.5714285714285714,0.6428571428571429,0.7142857142857143,0.4647704321725439,3.9169213587824965,405.2074572280134,162.73514483682274,88.88055093138628,88.82467995261601,70.71372878844075,56.942948210984106,27.03715281303535,8.333333333333334,0.0,0.0,0.0,0.0,0.0,9.0,0.0,0.0,0.0,0.0,0.0,82.225,3.229510687060162,0.18075156671657966,1.2586411508137518,0.24136624265571904,1.2586411508137518,0.24136624265571904,0.16562525933299446,0.4302619754652559,0.12223125594047642,0.1362353316822901,0.12223125594047642,0.4302619754652559,0.16562525933299455,-24.73672036832793,-19.99774245411838,72.68730148250953,76.95754819413396,76.6608441184038,-71.72604271908389,-43.27576155049264,-16.161800329617485,63.5486870741849,58.60778193913818,59.60099759163352,51.132422840161794,280.3333333333333,0.040688881248684826,50.0,46.05416666666666,59.2125,41.56089743589743,-8.509615384615383,0.0,0.0,0.0,0.0,8.333333333333334,0.0,1.0,0.0,280.3333333333333,1.0,35.71428571428571,89.81091581872668,548.3658312237594,1.9463436648876649,-12.163644688644691,18.159240227024345,-0.4053065490266514,-3111.9884644527892,0.7498338799207815,1.8911670573369468,1.0,50.0,0.0,0.5326240300815243,-0.003518105026101765,16.84626522637193,0.03950442358351336,77.10391904979473,540.2916666666666,868646.2184829059,5945.014332837299,6.247236928266323,20.455650794633467,44.912718992000585,71.16084105335815,89.81397128332287,100.54504263093006,105.85016646822838,107.85244959829514,107.92344293802076,63.99134900863604,98.50032411345921,122.201285468202,128.56477427547915,130.88158669238342,131.83739502349246,131.44975400190302,129.94951004155658,127.70301834920228,2.166703723977501,63.68567169079063,96.35289409781382,113.64858926896801,107.07490782197102,95.20210237927697,85.27480946284697,77.94087557764003,72.4894769996847,68.26852393233995,4055.864778707171,9283.880201024525,12916.00184282659,11465.035885083593,9063.440297434334,7271.793128924856,6074.780085809164,5254.724275687817,4660.5913599004725,1.0,True
149,54645.00028176444,7.049111333111332,54645.00028176444,0.03984457884966837,2.0,11.0,24.727272727272727,68.91666666666667,0.012184508268059181,0.07142857142857142,0.14285714285714285,0.21428571428571427,0.2857142857142857,0.35714285714285715,0.42857142857142855,0.5,0.5714285714285714,0.6428571428571429,0.7142857142857143,1.0000000000000004,1.8292753429865776,32.8564738612239,9.906634958873145,11.83117827112119,24.281204711576756,2.831293253897864,2.8457749496585047,7.355038891950091,8.333333333333334,0.0,0.0,0.0,0.0,0.0,0.0,0.0,0.0,0.0,0.0,0.0,35.449519230769226,2.3654966000377957,0.4407434248820191,0.1616789814378597,0.5202418213957367,0.1616789814378597,0.5202418213957367,0.37538188694650687,0.5312644015315173,0.8657164122790582,0.26909452453564,0.8657164122790582,0.5312644015315173,0.37538188694650687,7.168973791173592,-51.54562220675576,255.44937460656638,-33.165246355524886,-103.23409323140709,148.67251384769594,-114.29676092999671,-38.86450025276457,-3.3420787128077314,151.72437409665088,70.32649702593993,-80.27666358772223,143.08333333333334,0.022483527498274272,41.66666666666667,54.534893875965295,22.770349973156094,29.144622044622047,-1.5906593406593408,47.54761904761905,20.14903846153846,27.279761904761905,-5.761904761904759,0.0,23.6,4.0,0.0,119.48333333333335,5.0,50.0,62.475709726583474,379.524582646934,1.5727783430489077,-3.749649416517552,11.043210344113138,-2.327234214496724,-3094.9875332657766,0.7786386021516276,3.005190747349753,1.0,41.66666666666667,0.0,1.1253150019731308,-0.007177777537313241,14.858789255318237,0.14546031810900795,30.48212026381234,378.8800865800866,420346.1560135726,929.159655777519,8.02588961995391,23.608428064870314,47.374409777179146,77.61123964919395,100.41095121677806,114.00432300812804,121.0331062405731,123.9850406308258,124.51551200556183,38.1966692613576,51.05987484932179,65.34035872962713,84.69392618242445,103.62941371716569,116.260162035607,123.1769308732265,126.22879139994076,126.88493792764011,2.1051228889432037,37.34395049361886,45.274197330645706,45.00030863427797,33.905111890529795,25.626085598571343,22.791217870135984,22.881072813698164,23.694249894483658,24.40644879727231,1394.5706384698565,2049.752943934247,2025.0277771802728,1149.556612309345,656.6962631053057,519.4396120040059,523.5434931057572,561.4174780622388,595.6747428938751,0.0,False
150,11357.469387755102,0.5328571428571428,11357.469387755102,0.0,2.0,11.0,0.0,0.0,inf,0.07142857142857142,0.14285714285714285,0.21428571428571427,0.2857142857142857,0.35714285714285715,0.42857142857142855,0.5,0.5714285714285714,0.6428571428571429,0.7142857142857143,0.09750399798300154,7.369021270635981,0.2852748908309344,0.21748286794700067,0.13574324448223796,0.06747200369789644,0.026191102123135794,0.008850280228511719,0.0024424741650912827,8.333333333333334,0.0,0.0,0.0,0.0,0.0,13.0,0.0,0.0,0.0,0.0,0.0,0.0,9.076923076923086,0.9709834744509744,1.0992653954387646,0.441166891325252,1.0992653954387646,0.441166891325252,0.24126498399777896,0.15793237627888515,0.12119687328666735,0.11057355513587099,0.12119687328666735,0.15793237627888515,0.24126498399777896,-56.1878179994481,-43.12337651527712,138.49650306261688,141.33936300848129,-19.64244238335587,7.525180332440488,33.4410564974234,58.961184843720744,80.53285144634528,103.30864700039112,119.61873166738182,131.92344753014916,106.57142857142857,0.007179487179487185,50.0,7.612244897959184,14.137026239067056,8.197802197802197,-8.197802197802197,0.0,0.0,0.0,0.0,25.0,0.0,0.0,0.0,106.57142857142857,0.0,7.142857142857142,28.48241235238123,118.57612015716795,3.3282011773513753,-3.044897959183675,25.0,0.0,-373.0000000000001,0.9207822211616017,1.7499999999999996,0.0,50.0,0.0,2.946762833744287e-16,0.0,16.666666666666668,2.220446049250313e-16,27.446339300980974,106.57142857142857,87365.1491365777,753.3015410245728,4.369926482487771,4.3069175844430285,5.388552148680274,8.220772587709494,10.679057342220863,12.238875474239238,13.089314479133908,13.47964278163474,13.58904967609879,25.846194757189334,25.64207040095657,24.034533879156413,21.95003899605755,20.40695753068188,19.653125543377357,19.275502476208434,18.990015894448913,18.69194034029906,2.1940868854677014,25.474095194220606,25.277781456615774,23.42268824301068,20.352471839794084,17.38969953566227,15.377102157097635,14.14972940294806,13.376095624319708,12.834576837037467,648.9295259642134,638.9662353684282,548.6223245292707,414.2231099896112,302.4016499406126,236.45527074981672,200.21484217665287,178.91993415094484,164.72636258581866,1.0,False
151,669026.6428174812,20.44492712842713,669026.6428174812,0.07759563666780596,2.0,11.0,24.636363636363637,187.14285714285714,0.004051863857374392,0.07142857142857142,0.14285714285714285,0.21428571428571427,0.2857142857142857,0.35714285714285715,0.42857142857142855,0.5,0.5714285714285714,0.6428571428571429,0.7142857142857143,1.0000000000000004,22.278641751861834,389.33975842041946,547.7166646826583,1067.7544565369653,742.3124161027137,329.1323559373536,875.2000986761707,74.90013180302955,33.333333333333336,0.0,0.0,0.0,0.0,0.0,0.0,0.0,0.0,0.0,0.0,0.0,132.55714285714288,5.76069417508811,0.6334935782328668,0.07312895617982185,0.4280519457287247,0.07312895617982192,0.42805194572872474,0.730785142531871,0.15058947091600508,0.7699717964366937,0.6868840139701631,0.7699717964366936,0.15058947091600508,0.730785142531871,-43.84273123482526,-40.21084095349887,8.814139137391889,-4.258834412970721,14.952144795413108,74.48556439404905,81.56681181928133,-32.87777270422659,179.3638883163649,89.4411437068578,58.03340602647768,12.948411268886888,681.7777777777778,0.05267795490610313,50.0,148.0494794887652,99.86760535382984,148.84373404373406,-2.953846153846151,115.11428571428571,69.87142857142857,57.28571428571428,-31.67857142857143,16.666666666666668,9.0,2.0,0.0,672.7777777777778,3.0,35.71428571428571,218.60379078164632,1935.0855894406293,2.483860346584876,0.8768572697144136,18.774254479970608,-0.9209531824607801,-7351.960007949915,0.9816209381691204,1.7717908154026374,1.0,50.0,0.0,0.42026787903741514,-0.003201811981729401,17.88855515008254,0.17174125570914311,160.8383317720359,1934.9685425685427,5146358.790903701,25868.96896721149,7.728642463200564,50.32106186204103,135.58208641981113,232.71942997565318,302.9153458998426,343.95610150445833,364.8740677426751,373.4758973431321,374.8271066964145,175.07081804181402,154.13471234728507,186.97032456975762,263.3464150836343,325.1059687672023,361.97574859779877,380.5341762131658,387.6374718410182,387.93986529540183,2.115401846702663,174.90014126782737,145.68905340984597,128.74548579181862,123.25989310886523,118.05161644992336,112.78582717164223,108.04246366658997,103.81986167896063,100.0098953654546,30590.05941550597,21225.300283456952,16575.400111771374,15193.00124920888,13936.184146439815,12720.64281079155,11673.173955146414,10778.56367903852,10001.979171009178,0.0,False
152,1363605.3955555556,18.675333333333334,1363605.3955555556,0.08335274114198447,2.0,11.0,0.0,377.0,0.0010942515319521445,0.07142857142857142,0.14285714285714285,0.21428571428571427,0.2857142857142857,0.35714285714285715,0.42857142857142855,0.5,0.5714285714285714,0.6428571428571429,0.7142857142857143,0.7090260576130032,270.66199924783206,1037.078605993767,82.79147431876281,533.2264653660571,633.233304468406,706.6438789918473,682.7589879677438,1740.3077300659681,8.333333333333334,0.0,0.0,0.0,0.0,0.0,6.0,0.0,0.0,0.0,0.0,0.0,347.9166666666667,0.26687671943205826,0.41181346158930593,0.6557636885189273,0.690288105695669,0.6557636885189273,0.690288105695669,0.5836590071578375,0.37347472615055183,0.052680979052346255,0.022819087232517205,0.052680979052346213,0.37347472615055183,0.5836590071578375,-46.126153860908914,32.869652584359216,25.799717946743094,-173.3849940792343,78.52683072196015,46.891593749647264,40.41412375936293,104.2729380248647,-81.05423339496183,41.23990759084893,-59.03769520204,110.14643373968553,807.0,0.017250425456540326,50.0,182.75238095238097,216.12925170068027,274.87179487179486,17.846153846153847,40.43333333333334,40.43333333333334,260.6666666666667,18.799999999999997,16.666666666666668,0.0,4.0,0.0,807.0,4.0,50.0,312.0903481314752,3574.4063856543116,1.2261980045217604,11.740073260073252,18.801599992993008,-0.6793188569613452,-10075.425614197431,0.8457898557890828,1.696449215606298,1.0,50.0,0.0,0.36388631492539386,-0.0031877485750321658,17.29965144549701,0.08129369901453887,252.986072053505,3573.3333333333335,10489272.273504274,64001.952653061235,30.065781509949023,62.0581104955236,126.58688877484731,215.7370676719648,285.11460763514486,327.44255764357706,349.9832920041701,360.0600346124199,362.6485472853155,184.1305523650267,207.91008001413735,267.2934727400131,286.06475303019266,313.3377737593045,339.4162179023455,356.65251999707516,365.4201259732074,368.0698954763729,2.156365396482605,181.65932152368578,198.4323368133591,235.4178416342325,187.85782006221405,129.96238293250272,89.35737473183279,68.6492195016655,62.35896039205415,62.94028207625382,33000.10909644584,39375.39229321038,55421.560159720575,35290.56055852719,16890.220977494475,7984.740418965191,4712.715338187851,3888.6399411777784,3961.479107838398,10.0,True
153,210759.3645138889,9.436916666666669,210759.3645138889,0.08167231003053405,0.0,0.0,0.0,0.0,inf,0.07142857142857142,0.14285714285714285,0.21428571428571427,0.2857142857142857,0.35714285714285715,0.42857142857142855,0.5,0.5714285714285714,0.6428571428571429,0.7142857142857143,0.5497436542219539,12.220131655238275,665.8696505552003,223.441895865891,203.94711798775398,95.76492694483592,49.727697199593415,221.82341934494227,158.8845819201133,8.333333333333334,0.0,0.0,0.0,0.0,0.0,8.0,0.0,0.0,0.0,0.0,0.0,99.58333333333333,2.3385503875197653,0.33335569113715224,0.2682091095021196,0.178708307123609,0.2682091095021196,0.17870830712360902,0.9918799023073319,0.3553239880941839,0.049102906035750626,0.4145153273199443,0.04910290603575057,0.3553239880941839,0.9918799023073319,-31.239746912542216,32.804056856874986,41.74607993093386,63.05654574579548,-29.14232508613337,77.90249408983854,-80.01670831663645,-63.74993826229929,49.193782796353,41.09716720031478,71.5343435097435,72.89016541733834,364.73333333333335,0.06549779626996513,50.0,67.40654761904761,77.52270408163265,78.61923076923077,0.0,0.0,0.0,60.16666666666667,0.0,8.333333333333334,0.0,2.0,0.0,364.73333333333335,3.0,50.0,122.69572251069161,1028.0834839336442,1.73864194013772,5.0460622710622705,16.95969976680336,-0.5572806189235312,-4469.705128024025,0.6849400152695235,2.174941919016389,1.0,50.0,0.0,0.7296446840064517,-0.004135011548501128,17.158125508593375,0.06097301881326411,102.52120590639628,1022.0500000000001,1621225.8808760685,10510.597660501704,0.11895443606706735,13.82549543448896,56.72194633639153,107.54534291131253,144.219689668252,165.72346807756202,176.83177949008115,181.59526019097385,182.62213214559256,77.96047308908895,130.15751896240525,164.62493228717014,178.133739858474,188.43066850680611,195.54433016708475,198.80816838279955,199.0188161889463,197.20641231374316,2.151190937091756,77.96038233690687,129.42115521984726,154.54445682187009,142.00573401822442,121.27158754594973,103.79459132748264,90.85818388067683,81.43494749443944,74.42799142967509,6077.821214116702,16749.8354184398,23883.989134366864,20165.628494054698,14706.797945914948,10773.317188839133,8255.209578094884,6631.650673422108,5539.525908255788,2.0,True
154,39895.380277777775,4.4208333333333325,39895.38027777778,0.06929029878139122,0.0,0.0,0.0,0.0,inf,0.07142857142857142,0.14285714285714285,0.21428571428571427,0.2857142857142857,0.35714285714285715,0.42857142857142855,0.5,0.5714285714285714,0.6428571428571429,0.7142857142857143,0.8499145514073182,2.251131911007228,36.7312557207324,28.282411979398248,79.47158456544159,74.07941049644569,11.735385615034971,35.87404667891008,18.506950509049023,8.333333333333334,0.0,0.0,0.0,0.0,0.0,4.0,0.0,0.0,0.0,0.0,0.0,32.75,2.9100508010303727,0.6753891430621433,0.08800495474866701,0.09556176732368522,0.08800495474866701,0.09556176732368526,0.19683130810252664,0.2953463535520911,0.04469170288500397,0.331641682613313,0.044691702885003966,0.2953463535520911,0.1968313081025266,-42.47187627703699,-50.11776989288549,1.8563105548380356,91.16228816817511,-16.39660507342191,183.97145279883435,86.76735850749206,15.636860706718696,131.06462829240638,-62.18724041675796,-12.9399218844833,46.155461011469626,159.0,0.07224265355903163,50.0,31.577380952380953,29.766156462585034,42.98461538461538,0.0,13.7,13.7,21.8,12.1,16.666666666666668,0.0,3.0,0.0,159.0,4.0,42.85714285714286,53.38230062334584,560.1301253973521,1.9367224907329899,0.1861172161172156,18.81092207458771,-0.6779948508934383,-1755.198329485222,0.9142869785836384,1.9021821552765947,1.0,50.0,0.0,0.4282687254738081,-0.003182954361640605,17.183769012733556,0.14050685664968376,43.041131862783054,558.8,306887.54059829056,1852.5390320294784,0.7846028768816498,8.00153428119831,28.279202772109933,51.11204062265246,67.11923939097649,76.31032203854207,80.93067831755604,82.79472714308989,83.05145864305402,48.50382737367465,38.151133597582074,45.80355046355995,62.37094503041068,74.89762464323758,82.17954194376439,85.70419718108668,86.89182032800942,86.69866794278548,2.136667921408644,48.49748105026507,37.30260639589899,36.031263170221685,35.74484700449611,33.2364540945044,30.499374820821018,28.20345229781012,26.36705514873374,24.882006356290223,2352.00566822082,1391.484443927364,1298.2519256417734,1277.6940873748342,1104.6618807760985,930.211864460931,795.4347215148509,695.2215972163665,619.1142403144671,4.0,False
155,1283056.5996326904,20.47272727272727,1283056.5996326907,0.047895558491069044,2.0,11.0,0.0,190.0,0.002895752895752896,0.07142857142857142,0.14285714285714285,0.21428571428571427,0.2857142857142857,0.35714285714285715,0.42857142857142855,0.5,0.5714285714285714,0.6428571428571429,0.7142857142857143,0.7090260576130032,33.41613713750457,174.7108963155348,2489.8222700567435,2753.2351973441573,1397.5787873062648,2104.588657192735,885.4067922531697,1081.4991980324533,25.0,0.0,0.0,0.0,0.0,0.0,6.0,0.0,0.0,0.0,0.0,0.0,166.08333333333334,3.49382108228592,1.1932866393724253,1.5533681354068087,0.8983393547854411,1.5533681354068087,0.8983393547854411,0.41492129288778906,0.6185615459126913,0.012896434265589877,0.47053882804589187,0.012896434265590024,0.6185615459126913,0.41492129288778906,-60.45128713681732,-67.0293764370755,57.61362452041276,105.17424902630769,-52.939889904937125,-13.295519367711531,165.13215327439016,295.4193702274305,67.23370889288691,37.51045658477876,43.90041162284955,157.40052439031183,952.0,0.03723105258156633,50.0,153.0194805194805,188.45640074211502,234.6153846153846,14.615384615384615,24.0,24.0,94.33333333333333,8.0,25.0,0.0,0.0,0.0,952.0,2.0,35.714285714285715,302.7323900308053,3053.098365255268,2.090342826574018,-1.119080919080922,21.394422285163714,-0.5732787083078121,-7258.148853307868,0.8230669568139085,1.7832210841027167,2.0,50.0,0.0,0.1296944188071135,-0.0018542971104872302,16.9024868633396,0.23024604721512254,261.21243951104606,3050.0,9869666.151020695,68231.9385553119,0.28149095498718424,43.69777892286486,144.2711519537407,244.63185412305575,313.49594579875514,352.55654586186586,371.7771485895169,379.07193311386993,379.43975795593764,302.70699929953463,263.39348303950516,181.8042408262879,256.5725869202954,323.7396239153699,362.94220041620144,382.5987298993485,390.3008783637189,390.95787975326823,2.1632895242327517,302.7068684185589,259.7433945741268,110.62828162980543,77.36115502814376,80.79378726491954,86.20280049339563,90.35230991647589,92.94753991797845,94.19943642883669,91631.44818777071,67466.63102489052,12238.616696363544,5984.748307288492,6527.636060609077,7430.9228129041685,8163.539907242906,8639.245176804197,8873.533823510445,5.0,False
156,80797.98469387754,7.673571428571429,80797.98469387754,0.03243338560740269,2.0,11.0,0.0,92.5,0.0125,0.07142857142857142,0.14285714285714285,0.21428571428571427,0.2857142857142857,0.35714285714285715,0.42857142857142855,0.5,0.5714285714285714,0.6428571428571429,0.7142857142857143,0.8499145514073182,4.910871913914525,100.64686845061152,18.22453683533773,27.63817112965192,50.131515683819366,11.64608513666679,8.098309125392236,1.3574666426725972,8.333333333333334,0.0,0.0,0.0,0.0,0.0,4.0,0.0,0.0,0.0,0.0,0.0,78.625,-0.7759364366474824,0.23254810489538136,0.7818222678074638,0.9130933206943554,0.7818222678074638,0.9130933206943554,0.04744019726491033,0.17026803946494176,0.06420984587703704,0.4964072579231807,0.06420984587703696,0.17026803946494176,0.04744019726491033,-30.820855891478057,2.1277391739185902,-153.11376085322473,11.48749653760212,16.72995479374198,63.723441454039644,-20.169457323581597,136.7579676236134,110.36765241512103,-204.39892744522254,146.22928619807504,85.74092321236314,154.0,0.03075457063129296,50.0,60.31122448979592,37.98104956268222,35.20879120879121,-11.846153846153847,65.0,31.75,29.85714285714286,-8.5,8.333333333333334,0.0,3.0,0.0,154.0,3.0,28.571428571428566,75.96897143565427,459.9331877108254,0.146223526943463,-9.33233908948195,14.564737970318756,-1.5235281158478942,-3296.1505192734303,0.9068602694811981,2.3569190775356907,1.0,50.0,0.0,0.8473168084178729,-0.0053667061866932075,17.03978230833402,0.16766254516924928,46.19351492939994,457.7142857142857,621522.9591836734,2133.840821532695,7.787754827794175,22.373602392836087,51.30075316550431,88.65476866074346,116.88086073013203,133.8041558063407,142.66773455101844,146.51928398606114,147.38612627998762,37.802555088851456,44.48685149177675,72.38960348094508,105.79569020362985,130.5927650327707,145.25839928737378,152.63026575265388,155.4428830673302,155.54580889805393,2.079118186591055,36.991675360651314,38.451292196994864,51.073353294848914,57.73266024853245,58.25233620970015,56.537159925863065,54.23942792660967,51.90943379093679,49.717486319497944,1368.3840459878174,1478.501871618678,2608.4874167804546,3333.060059372479,3393.334673887943,3196.450452482616,2941.915541805885,2694.58931649565,2471.8284459294655,3.0,True
157,17151.67361111111,1.5858333333333334,17151.67361111111,0.04859672343280398,2.0,11.0,0.0,28.0,0.022222222222222223,0.07142857142857142,0.14285714285714285,0.21428571428571427,0.2857142857142857,0.35714285714285715,0.42857142857142855,0.5,0.5714285714285714,0.6428571428571429,0.7142857142857143,0.4647704321725439,7.898430357297306,1.5682412756761703,7.424093078855756,10.357024270363345,0.8585270067173918,14.771816294291161,5.595630378099977,0.4965233654499466,25.0,0.0,0.0,0.0,0.0,0.0,9.0,0.0,0.0,0.0,0.0,0.0,23.8125,1.6093038859129702,0.5258814041693292,0.22195472653559278,0.6059747841087226,0.22195472653559273,0.6059747841087226,0.8239840946941099,0.2586340875190801,0.35715182683421876,0.053323104641484445,0.3571518268342187,0.2586340875190801,0.8239840946941099,-36.414373411850505,-6.878444369805736,-156.78400965280954,-85.73530968703645,7.5428417302606725,16.80889134867905,156.79792882185575,-13.678205108328298,39.11814193480029,257.7810676357692,-10.061931862438822,60.55925228463533,99.0,0.01262714758949075,41.66666666666667,17.470238095238095,23.350340136054427,24.397435897435898,-2.0,0.0,0.0,11.25,0.0,16.666666666666668,0.0,1.0,0.0,99.0,3.0,42.857142857142854,35.001707724778136,322.3329761903499,1.715499024868548,-0.534615384615386,18.39313003443477,-0.44671329706510726,-1178.7350718645234,0.8479951829343472,1.9096601427397415,2.0,41.66666666666667,0.0,0.3297944953777083,-0.0033978188394335443,15.340717626217067,0.15447654463874028,30.330023484107052,317.1666666666667,131935.95085470084,919.9103245464852,4.0772552123947285,4.959554348825358,10.410351192438412,19.321692618807194,26.401490460100955,30.770162187416755,33.13998519350424,34.24625585179198,34.5902337938443,29.760418505657317,24.45392089841161,20.55024015558353,23.556205506529608,27.9671535109413,31.290856510796544,33.30344936334008,34.321506632834144,34.67623174268192,2.1645763721127453,29.479798160178614,23.945710846972567,17.718266238609633,13.47468041217258,9.226211410419474,5.684612576009629,3.2956214695981836,2.2715144026137883,2.4406503148492273,869.0584995648704,573.3970679668196,313.93695850225396,181.56701221018741,85.1229769897545,32.314820139326834,10.861120870876492,5.159777681281875,5.956773959373633,8.0,True
158,95182.47222222223,5.151666666666667,95182.47222222223,0.07033587241348416,0.0,0.0,0.0,0.0,inf,0.07142857142857142,0.14285714285714285,0.21428571428571427,0.2857142857142857,0.35714285714285715,0.42857142857142855,0.5,0.5714285714285714,0.6428571428571429,0.7142857142857143,0.28608577375653055,0.2481525903627051,7.037862042968646,121.84082677559942,189.54562356313426,112.7995157169211,247.53503347515155,57.15615816353065,88.82304277447983,25.0,0.0,0.0,0.0,0.0,0.0,11.0,0.0,0.0,0.0,0.0,0.0,0.0,1.4720443885443455,0.4216739130864222,0.25296229107615953,0.06087309522273876,0.2529622910761596,0.060873095222738684,0.03871305006789272,0.43023468594588277,0.2178562203228637,1.3166882956838428,0.2178562203228637,0.43023468594588277,0.038713050067892676,-63.32477551600021,-61.03507897592148,91.74366974577582,-61.1564013227919,-37.426760517947535,-42.5354928654698,16.683729310651955,367.98230922389865,-34.71792493595546,139.14893357175046,425.85075538678035,63.18720143189388,236.33333333333334,0.033781617598541494,50.0,36.797619047619044,57.82482993197278,79.25641025641025,0.0,0.0,0.0,0.0,0.0,25.0,0.0,0.0,0.0,236.33333333333334,3.0,35.714285714285715,82.4545208940845,1037.3520798155998,1.7241765045368584,-1.0677655677655693,24.553143944653577,-0.49881241825670225,-1152.6128972343115,0.7748376130238324,1.6842713757162808,2.0,50.0,0.0,-0.14761790560263818,-0.00022981168560673074,17.514779220523753,0.31837754622617254,73.78809692829407,1030.3333333333333,732172.8632478634,5444.68324829932,2.3443571654036783,18.65682864378968,38.00962480721872,58.6800167102741,73.45765594604828,81.95663031039192,86.13340675803293,87.6759129314535,87.67863979201256,79.75032644775126,67.08850896899767,55.50312556160318,62.54249487073236,74.34771687374936,82.65111667198329,87.21690727386198,89.19352101225627,89.55311218682333,2.1772449916869405,79.71586139535793,64.44215065187963,40.445832530948735,21.638375713937865,11.469777122995499,10.691951893435686,13.7049317646125,16.383481992543196,18.22679419339213,6354.618558003916,4152.790780639551,1635.865369121551,468.21930353753606,131.5557872511909,114.31783529154293,187.82515467268468,268.4184821999872,332.2160265682731,6.0,True
159,272637.8888888889,8.811666666666664,272637.8888888889,0.04263096634893414,2.0,11.0,0.0,63.0,0.006097560975609756,0.07142857142857142,0.14285714285714285,0.21428571428571427,0.2857142857142857,0.35714285714285715,0.42857142857142855,0.5,0.5714285714285714,0.6428571428571429,0.7142857142857143,0.5497436542219539,8.265821786567557,65.09952889175254,634.615732368865,182.91867494029344,196.77639069385742,704.2244513879818,65.79504143495988,614.9440167753703,16.666666666666668,0.0,0.0,0.0,0.0,0.0,8.0,0.0,0.0,0.0,0.0,0.0,57.5,2.4906202738928886,0.0,0.0,0.0,0.0,0.0,0.0,0.0,0.0,0.0,0.0,0.0,0.0,-61.900784532613876,-31.838488346550772,108.02776619956863,-53.49973055429294,-44.68285922203689,-48.86510811870742,38.36243763942965,458.34436299236205,-7.528587343068892,115.97441511939532,51.833271892771634,147.33096152364868,412.0,0.024796538190287588,50.0,64.4047619047619,84.20748299319727,133.25641025641025,3.1538461538461537,0.0,0.0,63.0,0.0,25.0,0.0,3.0,0.0,412.0,4.0,35.714285714285715,139.54975786662948,1735.4225129536342,2.0155195284626615,-4.368498168498167,21.781421917678955,-0.5597333563802805,-2939.498478928884,0.8260499600041818,1.6370247988220552,2.0,50.0,0.0,0.0469753338082103,-0.001655268728050823,16.99782632791773,0.3118664959466094,123.7988754578403,1732.3333333333333,2097214.5299145295,15326.161564625852,1.3627675418165015,25.01016343169473,62.93153441133235,102.64194019422669,130.52436990234781,146.4762784917119,154.35057709576637,157.3354439421725,157.47018129804286,124.99013713186382,115.61721372893643,84.20878677927554,109.09322203575269,135.04043617333193,150.82106950740732,158.89390661983975,162.11914431911416,162.44602722493732,2.165802176557975,124.98270778339334,112.87972287157021,55.9530316200363,36.958939477571946,34.631030355431406,35.94015646288486,37.72496403070828,39.091879390498406,39.8980420964062,15620.67724486909,12741.83183556249,3130.741747472782,1365.9632073068258,1199.3082634788116,1291.6948465766443,1423.1729111182335,1528.1750342812738,1591.8537631266013,9.0,True
160,2219409.1385929566,43.99050671550672,2219409.1385929566,0.08903204285186064,2.0,11.0,124.5,458.0,0.001802162595114137,0.07142857142857142,0.14285714285714285,0.21428571428571427,0.2857142857142857,0.35714285714285715,0.42857142857142855,0.5,0.5714285714285714,0.6428571428571429,0.7142857142857143,1.0000000000000004,24.230103209115043,2503.927797572103,564.0393839369483,975.6984104127696,802.8967628907026,1905.2164581734316,325.8728682094109,24.85773827777334,8.333333333333334,0.0,0.0,0.0,0.0,0.0,0.0,0.0,0.0,0.0,0.0,0.0,291.125,-0.11400500756266707,0.39145912068219807,0.4443019073935262,0.7037473695890368,0.4443019073935262,0.7037473695890368,0.0524110724063358,0.16411697635415395,0.31558581841858224,0.6011197412973066,0.31558581841858224,0.16411697635415395,0.0524110724063358,-36.04190891161616,-85.65729229863486,79.70711246576309,-34.889116576070464,116.5099321736533,-71.83062997162756,163.80808482500757,125.43255129393188,117.27446851525984,-34.10567756558582,180.9491984680269,-167.1954944492241,821.0,0.0424614511042276,41.66666666666667,336.09545613117047,176.7258727666891,204.1701887855734,11.340659340659341,268.3888888888889,134.75,121.0,36.16666666666667,8.333333333333334,100.83333333333333,3.0,0.0,720.1666666666666,3.0,35.71428571428571,398.1572857366937,2654.3036699515746,0.9366165000539648,29.488125427685873,13.400738425686457,-1.9245822530611687,-17987.198721453093,0.787973983284423,2.241741762920312,2.0,41.66666666666667,0.0,0.8627387243832763,-0.005965334523932678,16.637726052714385,0.16883668169324462,213.46912786909417,2654.2124542124543,17072377.98917659,45569.068553191675,45.355355859263,108.18972829310765,266.7832126475612,471.97214954113184,626.1714727498329,718.4792923254528,766.87860262661,788.0257370015006,792.9551215865168,225.69406539638373,218.80305836591944,378.2273301341019,558.5179159965801,693.0751861236124,773.6909884554718,814.9030696058081,831.2623295704948,832.7514722872476,2.073419564762908,221.089807205187,190.18349308534508,268.10936333857705,298.6378283919944,297.090054250534,287.02831239569656,275.61607661097463,264.5987497820186,254.356422655868,48880.702850026755,36169.761042143495,71882.63070981712,89184.55254668627,88262.50033458525,82385.25211672159,75964.22168642664,70012.49838620728,64697.189746290554,0.0,False
161,78961.0,2.8099999999999996,78961.0,0.05,0.0,0.0,0.0,0.0,inf,0.07142857142857142,0.14285714285714285,0.21428571428571427,0.2857142857142857,0.35714285714285715,0.42857142857142855,0.5,0.5714285714285714,0.6428571428571429,0.7142857142857143,0.09750399798300154,1.083498425798021,116.05468510544401,129.59985188907058,155.67288079306584,120.5925785382991,136.8168178324471,138.08074485128947,65.09667632029957,0.0,0.0,0.0,0.0,0.0,0.0,13.0,0.0,0.0,0.0,0.0,0.0,0.0,9.076923076923078,2.007483208666515,1.4489620562114047,0.7306522097482147,1.4489620562114047,0.7306522097482147,0.5436444155879435,0.06884326609412916,0.41485640081323527,0.17967022896137747,0.4148564008132354,0.06884326609412916,0.5436444155879435,-56.1878179994481,-43.1233765152771,138.49650306261668,141.33936300848148,-19.642442383355863,7.5251803324404385,33.44105649742334,58.9611848437207,80.53285144634529,103.30864700039115,119.61873166738184,131.9234475301492,281.0,0.0378462235018978,50.0,20.071428571428573,37.27551020408163,43.23076923076923,0.0,0.0,0.0,0.0,0.0,25.0,0.0,0.0,0.0,281.0,1.0,42.85714285714286,75.10040897739125,573.0035587075939,3.3282011773513753,-1.8527472527472537,25.0,0.0,-983.5000000000003,0.9207822211616017,1.7499999999999996,0.0,50.0,0.0,2.946762833744287e-16,0.0,16.666666666666668,0.0,72.36856488609864,562.0,607392.3076923076,5237.209183673469,0.0002666683699744654,0.9405847950251014,12.693789774156437,30.162412876235663,43.28507903953771,51.16103750097549,55.37794074229493,57.34307196874675,57.97056148293414,74.64173557946505,75.06310673282874,72.49352710192669,66.8729352256258,63.79023572651273,63.07931781831692,62.988777358743114,62.72437172534635,62.12858702140956,2.1939629422600446,74.64173557898869,75.0572134616481,71.37351870860297,59.68432218911625,46.85718841954811,36.89916771755178,30.014492371056036,25.418869084334972,22.346707288328023,5571.388690243666,5633.585292627409,5094.179172847298,3562.2183151742347,2195.5961065850333,1361.5485782480152,900.8697522921809,646.1189055265602,499.37532663021284,2.0,False
162,840142.84,19.8135,840142.84,0.05446929417383359,2.0,11.0,0.0,151.0,0.0035971223021582736,0.07142857142857142,0.14285714285714285,0.21428571428571427,0.2857142857142857,0.35714285714285715,0.42857142857142855,0.5,0.5714285714285714,0.6428571428571429,0.7142857142857143,0.9107950720287574,17.334949712211163,1407.9661755829384,32.39269451511422,871.382222640285,2523.4711976335248,701.0168948424813,606.6901495954559,32.07989124093401,8.333333333333334,0.0,0.0,0.0,0.0,0.0,3.0,0.0,0.0,0.0,0.0,0.0,135.5,1.241005376038446,0.7085323915902492,0.11946012234712351,0.27266182878646994,0.11946012234712358,0.27266182878646994,1.2912637663111117,0.04966782394848057,0.4617427759233264,1.3172437062155817,0.46174277592332647,0.04966782394848057,1.2912637663111117,-60.48609685719782,-43.386277902698346,115.71095615288485,-6.139589725979729,197.7759461706113,201.13981539158883,-33.042415672720054,-183.23661050681466,-81.50701501723297,-63.45674433218446,170.7112241300383,119.41648095613624,666.0,0.07188317133378475,50.0,145.5142857142857,148.84897959183672,202.59230769230768,-7.900000000000004,61.0,60.25,120.5,-71.0,25.0,0.0,5.0,0.0,666.0,4.0,35.71428571428571,244.96979988795118,2633.9069968767108,1.5717965837586887,-6.959560439560443,19.7697284611852,-0.7432778991684523,-7096.292547944974,0.7523771906550969,1.5661445327264207,1.0,50.0,0.0,0.2559645974460304,-0.002689853934247611,17.96381955971576,0.21109702734771818,197.06799717408225,2633.7,6462637.23076923,38835.79551020409,6.680059411381172,28.78069796436114,117.34569084388433,227.2409762449791,306.0838555678834,352.0183331407387,375.61928177652914,385.67016604579914,387.7737387817515,217.1403512901553,155.63829356139468,236.18183811861482,301.66256848851623,352.4835902745138,383.7777096447923,399.42611489523176,404.8127894585934,403.96552651366494,2.1385839610227717,217.03757500643172,152.95407757685666,204.96792309397856,198.39819541094005,174.8066210802966,152.8673397198318,135.83584364218194,123.01185931223526,113.22399976455726,47105.30896467248,23394.949847387088,42011.84949745911,39361.84394231755,30557.35477351039,23368.423553018463,18451.3764179833,15131.91753145316,12819.674122684462,6.0,False
163,647024.9780555555,16.31425,647024.9780555556,0.08921565744412974,2.0,11.0,0.0,247.2,0.003236245954692557,0.07142857142857142,0.14285714285714285,0.21428571428571427,0.2857142857142857,0.35714285714285715,0.42857142857142855,0.5,0.5714285714285714,0.6428571428571429,0.7142857142857143,0.9107950720287574,0.19034854423101177,109.73158087315375,1913.1301455096286,241.2437130632903,496.0531033190464,622.5152324949983,434.9163427606512,779.073897874675,16.666666666666668,0.0,0.0,0.0,0.0,0.0,3.0,0.0,0.0,0.0,0.0,0.0,207.37916666666663,0.16678661949799078,0.16598311624245143,0.9814450087610256,0.6183774293256468,0.9814450087610256,0.6183774293256469,0.8984905721929689,0.6685960561266301,0.7605795967827238,1.1471301309499717,0.7605795967827238,0.6685960561266301,0.8984905721929689,-59.0930580022124,-22.230248954584468,182.32076027635333,67.27776758451338,-81.15120954690512,-101.5715673764451,-76.5933260510683,394.49011726879735,108.5078625798978,124.56894185056754,141.1687953696188,128.95560185677897,518.0,0.042017395479364256,50.0,130.23214285714286,140.9530612244898,175.27564102564105,12.54999999999999,38.33333333333333,38.33333333333333,110.25,1.6000000000000014,16.666666666666668,0.0,2.0,0.0,518.0,3.0,35.714285714285715,214.97923123202182,2280.084778359596,1.267211541671667,16.03754578754579,18.714454047092882,-0.8937267585612898,-6665.438226010332,0.7343125905831294,1.8533518812190088,2.0,50.0,0.0,0.423266549728155,-0.0032325664900665165,17.351358931187345,0.39452894475765754,171.04285669956474,2278.5833333333335,4977115.215811965,29255.658827947842,24.447322937206327,30.51991597623854,77.75293466038855,157.94172868223808,222.81619813902515,263.47297041144276,285.9939005413676,296.9441324536798,300.85775187946,181.65307975292123,188.18448108754825,137.45586666291595,193.9570665546509,250.67906174083745,286.1959710573323,305.3978542806409,314.12997351652535,316.48062396009715,2.1500299382040255,180.00047162417408,185.69311686487774,113.35164944433176,112.57776870835363,114.86049730928941,111.75923994024124,107.12300524328981,102.47839998177375,98.20691664139386,32400.169784925103,34481.933650993145,12848.596431750677,12673.754007351567,13192.93384213728,12490.127712020412,11475.338252353895,10501.822462824406,9644.598476209683,4.0,True
164,1140333.6202777775,29.17516666666667,1140333.6202777778,0.07831141202969683,2.0,11.0,34.333333333333336,304.6,0.001698754246885617,0.07142857142857142,0.14285714285714285,0.21428571428571427,0.2857142857142857,0.35714285714285715,0.42857142857142855,0.5,0.5714285714285714,0.6428571428571429,0.7142857142857143,1.0000000000000004,70.66959568559288,331.099543373215,1721.9736975981557,192.64244671491932,1169.2759520571753,248.57776556182085,1376.1571779856372,146.5922500497938,16.666666666666668,0.0,0.0,0.0,0.0,0.0,1.0,0.0,0.0,0.0,0.0,0.0,229.99166666666673,-0.5022089132896643,1.1201255097313976,0.048815182286863656,0.17475591746736888,0.048815182286863656,0.17475591746736888,0.3499121360786793,0.20651484417577662,0.47011927537487586,0.23176687269501764,0.47011927537487586,0.20651484417577662,0.3499121360786793,-42.30676399436223,-12.054824648518686,20.10168918843046,18.41975266321329,-43.96058347673357,1.4074181349952295,-24.936327177244692,63.92389167541998,307.8239102333383,90.63637256233197,104.82298072640695,-15.794746343236191,614.0,0.028101091049182222,50.0,212.97738095238097,156.76615646258503,236.4897435897436,-0.3333333333333253,147.83333333333334,107.25,199.10000000000002,77.0,16.666666666666668,0.0,4.0,0.0,614.0,4.0,35.71428571428571,285.39867106980836,3074.406031821476,0.8753355089088315,12.410219780219782,17.0529470725701,-1.352093161699172,-10413.278432693733,0.755125472461497,1.9606991274690753,2.0,50.0,0.0,0.6301101462408383,-0.004087055791249661,18.18255986918994,0.44141953217756846,189.9816745138254,3074.366666666667,8771797.079059826,36093.0366510771,21.212061027660273,91.02000619592472,197.01123904218844,322.5618228094892,414.836476073743,469.0540888014754,496.6474759168308,507.8597498272792,509.40748708188954,186.4311244039652,256.3257800382747,266.1050376160868,350.04236493181094,434.3416202243724,487.3627080274827,514.9578228077575,526.262776046215,527.7918266243286,2.1193048476884315,185.2204432925415,239.62108418151308,178.88114136409308,135.954138270502,128.69864481746444,132.32789182367753,136.09865515994878,137.9528323639717,138.08774151371966,34306.61261348557,57418.26398432378,31998.462735720652,18483.52771287478,16563.341177851864,17510.670954498906,18522.843936346653,19030.98395724208,19068.224356359853,2.0,True
165,1600271.2334027777,20.801583333333333,1600271.2334027777,0.04642207295997803,2.0,11.0,0.0,83.125,0.007692307692307693,0.07142857142857142,0.14285714285714285,0.21428571428571427,0.2857142857142857,0.35714285714285715,0.42857142857142855,0.5,0.5714285714285714,0.6428571428571429,0.7142857142857143,0.9624786378518297,54.22739747022224,2373.5746906769214,1096.6539857737798,1607.774863531941,3191.810281112961,3878.164672677153,2283.315674743733,306.3499467567823,8.333333333333334,0.0,0.0,0.0,0.0,0.0,2.0,0.0,0.0,0.0,0.0,0.0,57.63541666666667,5.9344688614514105,3.3772772429188915,0.8879571898517012,0.8478835250489991,0.8879571898517012,0.847883525048999,1.279042755321576,1.2118080611305464,0.5059221980730502,1.4167802524132016,0.5059221980730502,1.2118080611305464,1.279042755321576,-56.940746204591626,-43.49756279783141,110.81376455153149,100.21784613402136,91.77682111325768,-20.97456364089892,15.671723232194807,4.058755823791641,86.34677456191892,69.26444924546783,113.52089674712386,98.29925712582366,1160.0,0.03844142039112974,50.0,149.8684523809524,191.03758503401363,254.73717948717947,2.769230769230769,35.0,28.85,27.200000000000003,-1.6666666666666679,25.0,0.0,2.0,0.0,1160.0,3.0,42.85714285714286,338.0903549351836,3313.4938097424433,2.6843790941754793,-12.282619047619049,23.31416738169907,-0.3250223404067462,-6452.852252004968,0.8732945812579493,1.5557193797667883,1.0,50.0,0.0,0.014355897789935113,-0.0008669996322690497,17.786908796845392,0.057343885052278165,303.05863307475107,3311.583333333333,12309778.718482904,91844.53508113661,5.262191421966486,34.94746482555144,115.93656742555531,225.43670485488096,307.5199291321824,356.5961389181261,382.48820913693544,394.0691415730609,397.15272099195687,308.40163965781426,273.6460810453315,316.67750468026514,346.7758751327408,378.13947414958614,401.465119198885,414.1451650823268,418.46522383789795,417.23831720698615,2.1718244216778153,308.3567425646257,271.4053285654779,294.6919651162872,263.499145498143,220.04762006589178,184.4273180471359,158.80487282286916,140.79295160473376,127.89655802406276,95083.88068506685,73660.852373735,86843.354304099,69431.79967825151,48420.955096663056,34013.43564205942,25218.987632287648,19822.655221572903,16357.529554402452,1.0,False
166,131886.36111111112,8.241666666666665,131886.36111111112,0.08764081619929952,2.0,11.0,0.0,106.0,0.0037313432835820895,0.07142857142857142,0.14285714285714285,0.21428571428571427,0.2857142857142857,0.35714285714285715,0.42857142857142855,0.5,0.5714285714285714,0.6428571428571429,0.7142857142857143,0.6313247675185967,5.258113054472012,70.36841850487043,66.90613644015758,137.35801191045238,179.77954125950436,357.92668898122287,108.24946503111181,0.045510606325013345,8.333333333333334,0.0,0.0,0.0,0.0,0.0,7.0,0.0,0.0,0.0,0.0,0.0,96.25,0.48760521321174677,0.7503371322019137,0.38866517168749964,0.5492639867001802,0.38866517168749964,0.5492639867001802,0.1589457335182125,0.09062007420800292,0.0762828018144591,0.0543229794859007,0.0762828018144591,0.09062007420800292,0.15894573351821248,-47.49563279778549,-90.55452987057917,89.9591840528942,-40.929941535095054,145.28264776075778,-82.45495893940704,293.2120692418691,89.93214427603722,122.85626915265459,-234.3945252177035,100.27215101338709,62.23255090003602,255.0,0.06267071064524224,50.0,58.86904761904761,62.99319727891156,96.23076923076923,-5.465713352000771e-16,15.0,15.0,67.0,0.0,25.0,0.0,1.0,0.0,255.0,4.0,28.57142857142857,97.05902516035985,1253.079074157805,1.2234390674131936,4.412820512820513,21.53460170739526,-0.7489418582405653,-2415.412634273233,0.8616574535768766,1.5227470971441224,1.0,50.0,0.0,0.10697852421826498,-0.001782204836196724,18.25428555457964,0.1717632458976298,77.16793114698403,1251.0,1014510.4700854701,5954.8895975056685,7.725316001780399,23.651447826767793,48.8187670518758,84.98263967856906,113.02950404393388,130.06660513656217,139.1143900089748,143.15403920589893,144.19419325187522,82.61283054231598,51.35563452456955,67.0391207695819,101.01343300982532,125.54175007530961,140.124218196824,147.6161421196452,150.63527810571796,150.9653606941349,2.117432493181663,82.25083138112373,45.585197302620514,45.945312025203094,54.60462069910356,54.63572299836287,52.129403924471944,49.37319016144432,46.88185223541129,44.70542206434386,6765.199262886049,2078.0102131188405,2110.9716970932723,2981.664601692969,2985.062227553838,2717.474753520751,2437.711906718142,2197.908069022938,1998.5747619511228,8.0,False
167,19739.0,2.5250000000000004,19739.0,0.10727949744161305,2.0,11.0,0.0,25.0,0.013157894736842105,0.07142857142857142,0.14285714285714285,0.21428571428571427,0.2857142857142857,0.35714285714285715,0.42857142857142855,0.5,0.5714285714285714,0.6428571428571429,0.7142857142857143,0.5497436542219539,0.0013495069611618874,36.377893117573485,13.737120566258602,11.547789935090218,2.0462952299049797,43.73336705796871,48.787933170278016,16.117115345501066,8.333333333333334,0.0,0.0,0.0,0.0,0.0,8.0,0.0,0.0,0.0,0.0,0.0,23.5,3.902304206124054,0.9469915450416676,0.1126115093697285,0.20956074289872517,0.11261150936972852,0.20956074289872517,0.33841560210981175,0.11220278386897553,0.17924510517815917,0.23306603395438943,0.17924510517815917,0.11220278386897553,0.3384156021098117,-62.6051013890273,22.02895893014578,241.41641102303214,245.51808481833064,-48.27227049128889,-53.543669505932954,145.28188392892966,4.411428253744493,-39.48098425457318,93.87298614457708,68.06693954711028,24.151948605972883,120.0,0.0226812984503607,50.0,18.928571428571427,22.908163265306122,35.92307692307692,-1.9230769230769231,0.0,0.0,19.0,0.0,16.666666666666668,0.0,1.0,0.0,120.0,4.0,35.71428571428571,37.54901558534619,470.2623220322243,2.145220131817832,2.516483516483516,22.564497971148505,-0.5415084682908716,-747.7221982228285,0.7694871267460628,1.409083298505068,0.0,50.0,0.0,0.19146944078467648,-0.0012525439005521975,19.632725924621397,0.14284106785386153,32.42896475532392,467.0,151838.46153846153,1051.637755102041,6.330518608945568,9.439598915970683,15.411607689066589,24.60799891233307,31.877580554195905,36.30373114503244,38.633976538338956,39.6438853171471,39.86243559239267,25.29016489250876,29.014157364308964,32.63789630008357,35.66854866065321,38.6460555060498,41.02274090198798,42.42350646806138,42.987446461444236,42.96828263385847,2.1647849785629316,24.485035724541564,27.43565745278376,28.77002995016363,25.82037476660631,21.84805401374304,19.10247041774544,17.526259095446502,16.621760142548776,16.039312365107484,599.5169744320766,752.7152998664891,827.7146233333123,666.6917530879999,477.33746418743345,364.9043760608397,307.1697578807212,276.2829102364231,257.2595411454899,9.0,True
168,411628.8888888889,11.950000000000003,411628.8888888889,0.09234299233937798,2.0,11.0,0.0,195.66666666666666,0.002688172043010753,0.07142857142857142,0.14285714285714285,0.21428571428571427,0.2857142857142857,0.35714285714285715,0.42857142857142855,0.5,0.5714285714285714,0.6428571428571429,0.7142857142857143,0.7090260576130032,1.0079788339107487,390.67473206601977,1013.8031288761509,367.9426945843103,84.91758197716952,258.7841959964593,245.28548849832697,231.89685704763878,16.666666666666668,0.0,0.0,0.0,0.0,0.0,6.0,0.0,0.0,0.0,0.0,0.0,171.5,-0.32793329676950567,1.0062060452976624,1.008029518135101,0.25686591795910885,1.008029518135101,0.25686591795910874,0.9137941084575245,0.5571869623216182,0.6576819363460787,0.9279117256357736,0.6576819363460787,0.5571869623216182,0.9137941084575243,-32.45379484679213,9.21409938092453,158.33106718045528,-43.070710943411655,-144.96047520911162,-117.02600768341222,32.969142768150554,279.5139419823388,110.72276733478789,20.895014826891618,116.88433802190991,140.31549832410306,399.0,0.06616318928461917,50.0,98.23809523809523,119.0204081632653,115.79487179487181,27.743589743589745,8.0,8.0,74.33333333333334,0.0,16.666666666666668,0.0,2.0,0.0,399.0,3.0,42.85714285714286,171.47029915429522,1508.5043659569774,1.1285752631403714,14.247619047619052,18.678423603378356,-0.6496011357880412,-5637.536089154095,0.8659585844480014,1.8663046082518764,2.0,50.0,0.0,0.42054636717643,-0.003251096432548273,16.87525760173117,0.1124183004527346,140.53946113478028,1505.3333333333335,3166376.068376068,19751.34013605442,0.6347695870036948,16.24166373646989,67.85538953004648,132.97005162189322,181.01345424945595,209.59185790451096,224.61497193810493,231.2931432593113,233.02318442033612,134.2726548918579,149.3954809818809,149.53599147138712,189.3514583867289,221.76353693625455,241.26905514275046,250.90390895472575,254.16270350491868,253.56314875384035,2.157623244481237,134.2711544572377,148.50999325593872,133.2541138466517,134.80704790496742,128.11399492310613,119.50736408109283,111.80736071478312,105.36679616538073,99.97232581353808,18028.74291927939,22055.21809687897,17756.658857056416,18172.940164852178,16413.19569515766,14282.010069610877,12500.885910005625,11102.16173415689,9994.465928568212,5.0,True
169,157820.11111111112,7.3500000000000005,157820.11111111112,0.10877228715393966,2.0,11.0,0.0,61.333333333333336,0.00493421052631579,0.07142857142857142,0.14285714285714285,0.21428571428571427,0.2857142857142857,0.35714285714285715,0.42857142857142855,0.5,0.5714285714285714,0.6428571428571429,0.7142857142857143,0.7446738755261287,5.313566204386478,273.05011662264474,271.12813331579747,228.08376538001045,245.15000630663818,91.66288406504175,30.38646470980721,190.83036106322936,16.666666666666668,0.0,0.0,0.0,0.0,0.0,5.0,0.0,0.0,0.0,0.0,0.0,59.416666666666664,4.848534491821744,0.1039752980579652,0.5903967715946774,0.25556059105747286,0.5903967715946775,0.25556059105747286,0.4288718199799083,0.3472722107451566,0.5362690409308354,0.39598183780308516,0.5362690409308354,0.3472722107451566,0.4288718199799083,-36.29474320915484,-65.41650975084679,1.818902376699194,100.64402264850236,-35.550665058384986,46.28854355633994,-36.57618898410543,2.1734089450451,61.37110273516054,298.4335694486209,-9.310615414376151,274.616312663951,349.0,0.014714058469224023,41.66666666666667,54.07142857142857,61.05442176870748,87.07692307692308,3.3846153846153846,6.333333333333333,6.333333333333333,61.333333333333336,3.0,16.666666666666668,0.0,4.0,0.0,349.0,5.0,50.0,106.17374948340611,1133.428535009132,2.342531880785141,9.933333333333334,18.034913623905794,-0.5024487145543004,-3610.9926332989885,0.8164056978093304,1.960227902919551,1.0,41.66666666666667,0.0,0.3312653833804411,-0.003582044421991306,15.210969668791632,0.07111284580534138,91.37365972538245,1132.0,1214000.8547008547,8349.14569160998,16.145047765277138,24.80319684475495,43.28104179488697,70.10007077832624,90.84134933739624,103.34623704469206,109.87803544981045,112.6727190379565,113.23686947224378,95.41782310150424,110.22452700317301,105.69339413102863,103.13520315328932,109.85131737930442,117.20046774080218,121.8764625656036,123.95661497290286,124.19533779467352,2.1810713189068287,94.04200337129616,107.39761533364488,96.42533372556304,75.6495221818612,61.766991027002504,55.27662188814663,52.73224301312407,51.673017912003175,51.008757307535745,8843.898398086878,11534.247779353555,9297.844984086205,5722.850206343911,3815.1611805298076,3055.5049273651307,2780.6894531951725,2670.100780134201,2601.893322059081,7.0,False
170,278542.0677777778,7.204333333333335,278542.0677777778,0.12237965594991453,2.0,11.0,0.0,71.0,0.01119402985074627,0.07142857142857142,0.14285714285714285,0.21428571428571427,0.2857142857142857,0.35714285714285715,0.42857142857142855,0.5,0.5714285714285714,0.6428571428571429,0.7142857142857143,0.5497436542219539,1.624148548584721,783.9961581548727,289.5308030585646,248.30198572959645,237.3375982093318,114.37311806726274,69.35419275384363,82.3518998053571,8.333333333333334,0.0,0.0,0.0,0.0,0.0,8.0,0.0,0.0,0.0,0.0,0.0,58.833333333333336,1.8018365654731072,0.23051711288823168,0.2045935557505894,0.0906813396343297,0.20459355575058946,0.0906813396343297,0.8781815651244053,0.391168035239925,0.767636811959974,0.512889984492972,0.7676368119599741,0.391168035239925,0.8781815651244053,-9.203159877885643,31.78558747853383,-13.83337557831408,6.223399699226446,-9.45456728624993,10.757622015180102,8.260632353455655,-14.218016132240997,10.497917379535107,-28.183549151185165,-157.11562176814692,164.93237978022657,375.2,0.01990353177143138,41.66666666666667,65.35952380952381,88.18027210884354,56.22051282051283,27.784615384615385,0.0,0.0,22.333333333333332,0.0,16.666666666666668,0.0,3.0,0.0,375.2,3.0,50.0,141.05269222573168,735.000221486869,1.8871442408163162,18.609010989010994,18.259573371432204,-0.2954241753682671,-4896.3354760859065,0.8774838494533339,1.967672668726805,0.0,41.66666666666667,0.0,0.4054506567087262,-0.0034665051232634367,15.374289935626132,0.01407029587643005,124.99597846138602,730.8666666666668,2142631.2905982905,15623.994631519276,15.364561010335764,21.83631874768731,38.29268792401867,66.137168577903,89.02724576478131,103.39392535697152,111.26762467006155,114.97533471928604,116.14780381620412,119.62478690969589,145.17872810622222,154.4496548714751,147.12823290976368,142.71043485196552,142.89241993944344,143.90717230754547,144.09597226905962,143.24354543393122,2.1836058984240907,118.63397451046566,143.5271342920557,149.62742376139303,131.42523293358744,111.53662056550898,98.63031925035654,91.262204344602,86.85805449325775,83.83555914500288,14074.019908149818,20600.038278089796,22388.365941471486,17272.591851647714,12440.417727174321,9727.939875427252,8328.789941835892,7544.321630353735,7028.400977155275,8.0,False
171,53069.0,2.43,53069.0,0.04019107200060299,0.0,0.0,0.0,0.0,inf,0.07142857142857142,0.14285714285714285,0.21428571428571427,0.2857142857142857,0.35714285714285715,0.42857142857142855,0.5,0.5714285714285714,0.6428571428571429,0.7142857142857143,0.19292394233698318,0.810267075454304,77.22709336482149,78.61775596130643,99.29494301395624,95.84167251703876,90.1680428554149,80.26712586424199,51.87670291626309,16.666666666666668,0.0,0.0,0.0,0.0,0.0,12.0,0.0,0.0,0.0,0.0,0.0,0.0,9.000846279062536,3.0022290285996758,2.0082244859361253,0.5464223748463943,2.0082244859361253,0.5464223748463943,0.3021461787928875,0.4350666016321381,0.5068178824603213,0.18074576653406893,0.5068178824603212,0.4350666016321381,0.3021461787928875,-56.5373312532454,-44.61332442187849,134.3764682199824,137.08550868705186,-21.071643019605066,3.586966339311753,34.16889013319916,90.78542156142939,74.07598235804448,102.80276851010306,115.74440405532458,129.58514969828892,230.0,0.023168876021588868,50.0,17.357142857142858,30.377551020408145,37.38461538461539,0.0,0.0,0.0,0.0,0.0,25.0,0.0,0.0,0.0,230.0,2.0,42.85714285714286,61.56819679950727,495.08115742635044,3.310213505852421,-2.327472527472528,24.768006563453714,-0.030026956392001078,-850.5,0.9985715299188704,1.7508639471212608,2.0,50.0,0.0,0.0016873569450446067,-0.00011931091022380329,16.664548350102965,0.0024184492577400407,59.07091034493704,486.0,408223.07692307694,3489.37244897959,0.020671408799584796,2.843818447445982,15.073517460613346,28.68079649252629,38.01421509130886,43.306016356540006,45.94332508266244,46.997082284054265,47.133654474192085,61.223569159125326,60.81394585107888,55.8453267488907,52.83721760340792,52.18365959146313,52.40778306459624,52.515608532940306,52.243449666132086,51.63249554786873,2.195555780219439,61.22356566939776,60.747417283502024,53.77257285136124,44.37548283257514,35.74987803265078,29.515498862002488,25.43816070264972,22.817806419625647,21.07921280333202,3748.3249932750596,3690.24870661592,2891.489591054952,1969.1834766241705,1278.0537793494066,871.1646730728702,647.1000199338325,520.6522898035093,444.33321240815656,4.0,False
172,224668.80555555556,8.924999999999999,224668.80555555556,0.050062547624113864,0.0,0.0,0.0,0.0,inf,0.07142857142857142,0.14285714285714285,0.21428571428571427,0.2857142857142857,0.35714285714285715,0.42857142857142855,0.5,0.5714285714285714,0.6428571428571429,0.7142857142857143,0.6313247675185967,10.120913670686397,50.62638576801776,657.0013451383973,239.36745377363744,264.2977237364744,371.1360681757071,112.0101670250982,195.34528808455724,16.666666666666668,0.0,0.0,0.0,0.0,0.0,7.0,0.0,0.0,0.0,0.0,0.0,65.375,2.5733448407934105,0.0,0.0,0.0,0.0,0.0,0.0,0.0,0.0,0.0,0.0,0.0,0.0,-48.54833304072098,-37.19450745360039,30.599869821816842,-110.40884417239491,-44.459176283606745,-47.3862240203842,51.197100930243046,423.4439365982525,105.05752251621625,23.45205002922699,71.12433713101751,115.6625651666758,377.0,0.04127753246617558,50.0,63.75,73.85714285714286,105.23076923076923,0.0,5.5,5.5,58.33333333333333,0.0,16.666666666666668,0.0,1.0,0.0,377.0,3.0,35.714285714285715,126.67980038426342,1371.098474665441,1.9719669818842012,-3.521978021978023,20.46909821280012,-0.547629541511846,-3376.3413831184976,0.8501741749801468,1.7871919349214909,2.0,50.0,0.0,0.2277268720658534,-0.002330178061988509,16.721173189084343,0.26098603982678614,109.47012983182593,1368.0,1728221.5811965812,11983.709325396825,0.411443799499231,22.42997167844505,65.7352161643236,107.37918317163944,135.66199349600896,151.55040291884703,159.23136516558196,161.99716263350115,161.92004884596943,120.88267691005915,127.8564090795159,89.28145379335065,114.23111186754807,141.20853129289165,157.12153149899206,164.95464003052626,167.8429810370016,167.8334839120251,2.1697742530404183,120.88197670017477,125.87357829668886,60.41572102759227,38.96739585714936,39.18766171366159,41.468675355307255,43.07441949818475,43.91111000740324,44.15853375925049,14612.452290941597,15844.15771321266,3650.059347283855,1518.457939887781,1535.6728305843785,1719.6510357238672,1855.4056151055988,1928.185582082269,1949.9761037668652,6.0,True
173,268258.0715702948,10.560119047619047,268258.0715702948,0.056884768266749985,2.0,11.0,0.0,121.42857142857143,0.003472222222222222,0.07142857142857142,0.14285714285714285,0.21428571428571427,0.2857142857142857,0.35714285714285715,0.42857142857142855,0.5,0.5714285714285714,0.6428571428571429,0.7142857142857143,0.5497436542219539,12.610918405793328,678.6894337557652,175.54563307895697,12.204556025772328,181.63658904990862,563.3743793376335,417.9352724225178,45.73774589322691,8.333333333333334,0.0,0.0,0.0,0.0,0.0,8.0,0.0,0.0,0.0,0.0,0.0,109.07142857142857,0.2506603846421287,0.6328958427764988,0.6283941128866086,0.6506479642506684,0.6283941128866086,0.6506479642506682,0.06527843597587682,1.0048941008598473,0.44633678053114556,0.6616636065660135,0.4463367805311456,1.0048941008598473,0.06527843597587675,-59.35786322068684,78.02092460940457,76.7950786638999,55.851415460055385,146.95088245561152,-150.26603297574283,-91.51411755130253,-34.394811929343085,68.13390344735049,51.4136108994214,94.90722571054569,62.09645632909237,351.3333333333333,0.0586369482230319,50.0,76.78656462585035,93.98080660835763,118.73260073260074,2.923076923076923,0.0,0.0,72.0,0.0,8.333333333333334,0.0,2.0,0.0,351.3333333333333,3.0,42.85714285714286,138.42431443373533,1547.5668786028061,1.3081550489163638,-4.24785452642596,20.299225045270944,-0.6001614087074612,-3766.717381492678,0.7290638822082813,1.4774156540251309,1.0,50.0,0.0,0.34732053007321745,-0.002417541405289229,19.078800059936864,0.11474435903784197,115.17427802860209,1543.5238095238096,2063523.627463806,13265.114319409735,0.19193272427883684,10.244606993993917,56.40215943838651,117.37210107114504,162.03107122422935,188.4193697302516,202.24456738156536,208.39379278619757,210.0129983379981,84.01093765284924,124.91480371750858,166.094600517802,184.4391071649147,200.88574318711701,212.78881087889866,219.06640440163142,220.99512487126114,220.07090912600583,2.147387980804916,84.01071840628593,124.49400072020462,156.22487872248473,142.27288617981924,118.74768955128792,98.87982173178948,84.1856549662862,73.55863202267722,65.77040042930184,7057.800807140271,15498.75621532231,24406.212731855067,20241.574141935802,14101.013773769053,9777.219145710467,7087.224502102588,5410.872345047635,4325.745572630709,7.0,False
174,3927.111111111111,0.6266666666666667,3927.111111111111,0.02,0.0,0.0,0.0,0.0,inf,0.07142857142857142,0.14285714285714285,0.21428571428571427,0.2857142857142857,0.35714285714285715,0.42857142857142855,0.5,0.5714285714285714,0.6428571428571429,0.7142857142857143,0.09750399798300154,0.05388759902765682,7.797307916860063,6.445625287824664,5.723495951509033,5.997650170277654,6.585538406783617,6.867420971568206,3.450110525669648,16.666666666666668,0.0,0.0,0.0,0.0,0.0,13.0,0.0,0.0,0.0,0.0,0.0,0.0,9.076923076923073,0.0,0.0,0.0,0.0,0.0,0.0,0.0,0.0,0.0,0.0,0.0,0.0,-56.18781799944809,-43.12337651527712,138.49650306261677,141.33936300848137,-19.6424423833559,7.5251803324404785,33.44105649742341,58.96118484372059,80.53285144634525,103.30864700039145,119.61873166738162,131.92344753014916,62.666666666666664,0.00899604387074639,50.0,4.476190476190476,8.31292517006803,9.64102564102564,0.0,0.0,0.0,0.0,0.0,25.0,0.0,0.0,0.0,62.666666666666664,1.0,42.857142857142854,16.748371159845263,136.34928976441967,3.3282011773513736,-1.2395604395604394,25.0,2.897603355050054e-17,-219.3333333333332,0.9207822211616017,1.7500000000000007,3.0,50.0,0.0,2.9467628337442886e-16,-2.4372043369884295e-18,16.666666666666664,3.3306690738754696e-16,16.13913428064833,125.33333333333333,30208.547008547004,260.4716553287982,0.09859462028896461,2.7321823864433403,5.1361360979200095,7.361956104344755,8.939151783960698,9.837818602636345,10.266178131356403,10.40717744719874,10.380557720706621,16.642238266326146,15.679778350961769,15.291550165636115,14.618431359755707,13.943571094393354,13.51962811805339,13.224076046906218,12.95676379280954,12.682591586478559,2.1965610574191796,16.641946208722718,15.439903773744774,14.403180636644425,12.629336393397324,10.701156023893594,9.273492847470262,8.335572797931665,7.718055815111611,7.286436080588015,276.9543736140204,238.3906285424981,207.4516124518089,159.5001377375901,114.51474024771414,85.99766959208212,69.48177386961832,59.568385565178154,53.092150756494824,2.0,False
175,3840648.5,35.625,3840648.5,0.04319158144776852,2.0,11.0,0.0,347.0,0.000992063492063492,0.07142857142857142,0.14285714285714285,0.21428571428571427,0.2857142857142857,0.35714285714285715,0.42857142857142855,0.5,0.5714285714285714,0.6428571428571429,0.7142857142857143,0.7821952376742991,0.10729728992007481,1896.2959879427233,6120.393020500775,3729.595292109483,7289.848534236003,4487.806421328367,5700.029041728434,2473.5635005306344,16.666666666666668,0.0,0.0,0.0,0.0,0.0,5.0,0.0,0.0,0.0,0.0,0.0,338.625,5.70326397144556,0.048751468676590005,1.0048235608307423,0.38910270081926474,1.0048235608307423,0.3891027008192648,0.1705267680595116,0.1251633273843358,0.02076491676390025,0.4235035557206515,0.020764916763900205,0.1251633273843358,0.1705267680595116,-63.42070205947273,-60.94830396421655,215.9219122014306,205.383741563819,-0.7960691823659231,-61.33904834163484,-16.510278917353933,75.7851705678118,147.27477458001155,87.02231676401854,146.4507500508363,215.35946089384393,1745.0,0.025906021443372944,50.0,282.07142857142856,273.15306122448976,357.0,6.076923076923077,171.25,171.25,123.0,2.0,25.0,0.0,1.0,0.0,1745.0,2.0,42.85714285714286,523.7671579187509,4644.281089708463,2.4895828548378676,-0.6197802197802201,22.041788301097373,-0.592080290337809,-12032.3664723806,0.8796369813831583,1.6338427492309466,2.0,50.0,0.0,0.10700134030883837,-0.0015213660165784913,17.813698538002416,0.17478658736581332,441.3249878467785,4641.0,29543450.0,194767.74489795923,31.95076034460167,112.58137481343032,258.264985814771,413.47081266357173,524.5490672055613,588.9478151316678,621.1420743915608,633.6392124800219,634.5715723564891,473.83647919111667,496.4846655189135,465.7753693919297,478.55353733961283,539.942701140871,592.8650174259535,624.6647067560884,639.4428399149541,642.9096069542069,2.1750495209030696,472.7580331688035,483.55191773019095,387.6156496250955,240.94683059874794,128.0093614118733,68.0396938493343,66.24590015403824,85.95634895805654,103.20698751066152,223500.1579256355,233822.45714054536,150245.8918342848,58055.375175581736,16386.396609075597,4629.399939111139,4388.519287218804,7388.493926199187,10651.682271025844,4.0,True
176,12050131.5,68.9425,12050131.5,0.09849366726827836,2.0,11.0,0.0,730.5,0.0024630541871921183,0.07142857142857142,0.14285714285714285,0.21428571428571427,0.2857142857142857,0.35714285714285715,0.42857142857142855,0.5,0.5714285714285714,0.6428571428571429,0.7142857142857143,0.8499145514073182,582.3531163386043,48002.69192615628,6121.003218098411,2078.707178837301,12279.943126554293,12567.999480549166,9688.809788441029,5409.065428697944,8.333333333333334,0.0,0.0,0.0,0.0,0.0,4.0,0.0,0.0,0.0,0.0,0.0,578.0,-0.25563839413841194,0.24744683009179727,0.9618088547190804,0.005260670505429549,0.9618088547190804,0.005260670505429549,0.11698352716360445,0.032690375912734895,0.43534199351153796,0.07485905418964034,0.43534199351153796,0.032690375912734895,0.11698352716360441,-39.76418082418526,25.56486619523578,68.67194309583961,77.75386949681749,51.8411577128557,-41.325445017086,-72.37817769615087,0.21538252150472692,58.94107299317147,66.45504784760868,56.2418320365625,55.326134217618765,2102.0,0.04917808146808225,50.0,496.92857142857144,657.2551020408163,602.8076923076923,9.653846153846153,47.5,47.5,119.0,0.0,8.333333333333334,0.0,2.0,0.0,2102.0,4.0,42.85714285714286,927.751948837311,7838.5765177730955,1.2538117706361689,103.50329670329671,18.366632603670222,-0.48907380419084584,-31008.135779604803,0.736282224328625,1.8360360640132452,1.0,50.0,0.0,0.5566784719984439,-0.0034114460895410268,17.676319887319423,0.048931067732695066,783.4447481918478,7836.5,92693319.23076923,613785.6734693878,64.30937444941405,247.8780013947307,478.0439996217875,747.6605160288133,945.7399463233193,1061.5509311632486,1119.7109330733547,1142.4173775498327,1144.251686103117,577.5619274591927,927.5662354527889,1225.58731457319,1320.2675867370356,1362.831001031564,1383.9341732969099,1386.2242411579239,1374.096253191881,1352.5797961195492,2.15657808273114,573.9704560413392,893.831985093738,1128.5114975348404,1088.1683019459647,981.2666769543639,887.9095767956564,817.2301225051972,763.5594597070548,721.2213139674778,329442.0844083028,798935.6175766124,1273538.200068328,1184110.2533599644,962884.2913010599,788383.4165654416,667865.0731298596,583023.0485081294,520160.1837209753,3.0,False
177,381801.5586713142,15.371792207792206,381801.55867131427,0.06428706238444494,0.0,0.0,0.0,0.0,inf,0.07142857142857142,0.14285714285714285,0.21428571428571427,0.2857142857142857,0.35714285714285715,0.42857142857142855,0.5,0.5714285714285714,0.6428571428571429,0.7142857142857143,0.8499145514073182,13.496046794264238,5.400095929815199,104.26901154296802,627.0183181580669,271.727713820787,154.71799162347307,920.2799235993479,173.27193726315602,25.0,0.0,0.0,0.0,0.0,0.0,4.0,0.0,0.0,0.0,0.0,0.0,158.85714285714286,-0.6585567484829298,0.08676051641745874,0.9578961204562468,0.016854264275400786,0.9578961204562468,0.016854264275400786,0.19314901397202422,0.19321354558456283,0.2505748222144872,0.04886787521133516,0.25057482221448724,0.19321354558456283,0.19314901397202416,-66.14662166878178,-30.94378585233002,-100.67875454929728,-27.32534091156454,-25.97212688993914,122.8272281586467,122.83911055962487,137.37242483816965,63.54077649227203,-25.270086049362728,292.4078255188603,91.08336913745676,349.8333333333333,0.04374148371059455,50.0,109.79851576994433,101.99765880378122,166.66200466200468,0.0,61.45,61.45,116.85714285714286,0.0,25.0,0.0,4.0,0.0,349.8333333333333,5.0,35.714285714285715,165.14096979578954,2167.6712078595997,0.9242709831468381,-3.3888416345559187,20.53094136763108,-1.155125200754047,-4236.134262544337,0.727224464568755,1.6013185853458898,1.0,50.0,0.0,0.2574898302929293,-0.002298373010932584,18.98243357360172,0.4604533194541961,123.35244561747108,2166.606060606061,2936935.066702417,15215.82583981116,8.530979038704444,46.3739778915765,100.2413372610156,167.97273317009382,218.4234368645796,248.28008208285956,263.63698644013465,270.0482553295704,271.16848794927415,132.46358725355844,83.16503330378343,109.33274786278344,175.12572482407253,225.23452899253863,255.0108105631097,270.3304246159787,276.68598988059296,277.7223680536674,2.1126392740645152,132.18859385257971,69.03533109163004,43.65001786197008,49.539685167805025,54.97085845023473,58.20235686793738,59.78359184441514,60.241819275805085,59.97803648537621,17473.824344722278,4765.876938930981,1905.324059350307,2454.1804065252413,3021.7952787557433,3387.514344982738,3574.077853819621,3629.076789658761,3597.36486064112,4.0,True
178,33514.0,3.2850000000000006,33514.0,0.06479381750910067,2.0,11.0,0.0,43.0,inf,0.07142857142857142,0.14285714285714285,0.21428571428571427,0.2857142857142857,0.35714285714285715,0.42857142857142855,0.5,0.5714285714285714,0.6428571428571429,0.7142857142857143,0.37678366460774576,0.0017577704126481635,3.3995035805778655,34.298473035708625,40.43570149383279,48.09745141385495,108.93664287963286,35.20095988869998,11.566030516155283,41.66666666666667,0.0,0.0,0.0,0.0,0.0,10.0,0.0,0.0,0.0,0.0,0.0,32.25,-0.24484869358636985,0.0,0.0,0.0,0.0,0.0,0.0,0.0,0.0,0.0,0.0,0.0,0.0,-68.87917190124242,-59.06799926852424,-40.526463903351875,52.79064381172594,66.23079090674702,-41.74849615702433,88.96557011080193,-55.41921383045198,174.386909048327,317.4999286717636,117.9702580042396,182.48287191098294,115.0,0.06373739632680435,50.0,25.0,35.714285714285715,50.53846153846154,-3.3076923076923075,0.0,0.0,43.0,0.0,25.0,0.0,1.0,0.0,115.0,3.0,28.57142857142857,48.92705941355093,663.0411636359364,1.2444401544035613,-1.1032967032967045,24.303738552341628,-0.6184999726349905,-743.4842472630886,0.8904509502615182,1.5663701415326445,1.0,50.0,0.0,-0.11640163021582418,-0.00035807731593859196,18.32820484511026,0.24483431732054628,42.05778338021564,657.0,257800.0,1768.857142857143,2.0921174490038963,11.177929786345398,23.73077727092359,38.389142981145476,49.21772820901888,55.59101681725417,58.833444778064404,60.14653246778577,60.320736676122934,42.936917183492035,33.84385722797264,33.92896980825676,41.43480985078941,50.50409845344242,56.600380838746894,59.90582136868262,61.337304971713216,61.61543501835878,2.161763874381156,42.88591728996393,31.944648343015587,24.249230964453595,15.59221499801244,11.326040373323469,10.641520582837273,11.284201761886292,12.02745248564913,12.56465516245598,1839.2019018016267,1020.4605577589284,588.025202367415,243.11716854424407,128.27919053815322,113.24196031494934,127.3332094029577,144.65961329454743,157.8705593514317,7.0,True
179,14983.531887755102,0.9641071428571434,14983.531887755102,0.12574265930904244,2.0,11.0,0.0,0.0,inf,0.07142857142857142,0.14285714285714285,0.21428571428571427,0.2857142857142857,0.35714285714285715,0.42857142857142855,0.5,0.5714285714285714,0.6428571428571429,0.7142857142857143,0.28608577375653055,0.5936123655779936,7.396456546474194,18.48287952371964,3.0476313238011006,18.489648596695098,4.234964931914098,15.745838095886212,0.9357047128230884,16.666666666666668,0.0,0.0,0.0,0.0,0.0,11.0,0.0,0.0,0.0,0.0,0.0,0.0,7.746721650912283,0.7941631122553715,0.2902060367595186,0.5760082792203752,0.29020603675951856,0.5760082792203753,0.5547569508262042,0.459132909592684,0.6536002751537628,0.7827035351132077,0.6536002751537631,0.459132909592684,0.5547569508262041,-1.9104281916697743,5.110614772793119,59.178801534764126,-20.15380680312252,-7.871395935058551,15.654382525109062,-29.939881749616127,-108.00475788899753,165.52074280819147,-8.532877403846435,-8.017500572682753,-34.7453084829768,118.82142857142857,0.004538988053745342,50.0,11.130102040816325,17.794460641399414,14.83241758241758,9.14010989010989,0.0,0.0,0.0,0.0,25.0,0.0,0.0,0.0,118.82142857142857,2.0,42.857142857142854,32.71471041743749,200.9721096728726,3.0387690755771652,3.155337519623234,24.93443310632196,-0.15193360380587814,-441.8521412249444,0.8712502581853545,1.6991350543731278,2.0,50.0,0.0,-0.017974027960317426,-3.372011674870781e-05,17.34349283189067,0.10052356698517628,30.763177765923487,192.82142857142856,115257.93759811616,946.3731062578092,0.014242818251672824,0.4987424938908132,3.5816541703898355,9.253631739656774,14.030710163535428,17.11411108761184,18.884030117202652,19.800103252247222,20.18903857469964,23.7408412970847,24.041045979902613,19.531866151682063,18.39500796747418,19.75340976443064,21.476509552881684,22.721305087371096,23.418422898258985,23.69782781030733,2.1867450864744122,23.74083702474474,24.035872102600713,19.20066532104949,15.89800672255032,13.904544927050557,12.974885905313377,12.635312081859269,12.505136634281515,12.409261233299326,563.6273426354907,577.7231477325792,368.6655487709526,252.7466177502552,193.33636962836735,168.3476642558997,159.6511114059788,156.37844224204963,153.9897643562655,5.0,True
180,135620.0,3.8200000000000007,135620.0,0.11997109570859756,0.0,0.0,0.0,0.0,inf,0.07142857142857142,0.14285714285714285,0.21428571428571427,0.2857142857142857,0.35714285714285715,0.42857142857142855,0.5,0.5714285714285714,0.6428571428571429,0.7142857142857143,0.19292394233698318,2.0023609666310085,281.2568723485406,216.75053066673246,181.65192000901573,191.15286462038188,222.80499715234797,248.2457037744737,128.19956301296853,8.333333333333334,0.0,0.0,0.0,0.0,0.0,12.0,0.0,0.0,0.0,0.0,0.0,0.0,9.042533611115626,1.8412328935607782,1.7992537358143839,0.30532542810301977,1.799253735814384,0.30532542810301977,0.26188920945330746,0.15995755475179552,0.12227294364855279,0.1097670960460764,0.12227294364855279,0.15995755475179552,0.26188920945330746,-56.337264028137184,-36.28501297949863,135.62382473108912,138.48506967442103,-21.037549287901253,6.101710908393053,31.726773855645103,57.06423418164296,78.22685171643963,100.88102441353377,116.9311332333569,129.21837216069875,368.0,0.009635401382088057,50.0,27.285714285714285,48.673469387755105,58.76923076923077,0.0,0.0,0.0,0.0,0.0,25.0,0.0,1.0,0.0,368.0,2.0,50.0,98.42328412089721,773.0740550815243,3.3199688590003364,9.112087912087912,24.84305004814985,-0.015153345688535548,-1337.0,0.9201914409815124,1.7253667562654313,0.0,50.0,0.0,0.016592881697866924,-8.071711809436338e-05,16.83561576814905,0.00030156345914689187,94.56549398729551,764.0,1043230.7692307692,8942.632653061224,15.111745785992893,15.482525538095288,19.754553071702286,30.03170329429286,38.872717085766034,44.45966472339125,47.4919986287324,48.87133454457786,49.24317868378665,86.70850275369001,88.84825603960901,84.9293758416139,78.20832572455265,73.12988709412308,70.64812697387532,69.36580811867304,68.34472417470981,67.25300360000378,2.1942218011214054,85.38149441820632,87.48887931755753,82.59997889699132,72.21245744247514,61.94265293615686,54.90442657564552,50.55813883248718,47.77650031499915,45.804757900667724,7289.999589086196,7654.304004242146,6822.75651378341,5214.639009881283,3836.892252769182,3014.49605760045,2556.125402205048,2282.5939823491135,2098.0758463387824,4.0,False
181,70077.25,7.175000000000002,70077.25,0.08870603512552219,2.0,11.0,0.0,81.0,0.015625,0.07142857142857142,0.14285714285714285,0.21428571428571427,0.2857142857142857,0.35714285714285715,0.42857142857142855,0.5,0.5714285714285714,0.6428571428571429,0.7142857142857143,0.9107950720287574,0.35490553905657907,16.478827552855613,1.990292255452994,17.964618998540562,107.70032847141475,0.6279712167361332,4.276870858685403,63.57183597781682,8.333333333333334,0.0,0.0,0.0,0.0,0.0,3.0,0.0,0.0,0.0,0.0,0.0,67.125,-0.9355071780160817,0.8795615920701574,0.15186713762937512,0.49894934582131134,0.15186713762937515,0.49894934582131134,0.23138129370934385,0.3187830542380696,0.39117569964838045,0.07890985802318051,0.39117569964838045,0.3187830542380696,0.2313812937093438,-45.03182715755661,-61.412160229567085,-161.11433727284756,317.8243578281047,12.715550972202582,204.40109621042095,-105.84501871416934,61.06056701448542,113.08542942738714,114.27205467419876,-77.64976217009172,90.08504615564038,142.0,0.04403300666277672,50.0,56.32142857142857,37.48979591836735,54.69230769230769,10.923076923076923,69.0,30.5,49.5,6.0,0.0,0.0,4.0,0.0,142.0,4.0,42.85714285714286,70.74968450207292,711.4330605037893,0.129298296517722,4.521978021978023,15.063653825423895,-2.4745006428216496,-2485.8863669407115,0.5944686549866205,1.8072592346707106,1.0,50.0,0.0,0.6829269108746628,-0.005110120889781995,18.62841345099577,0.4911499116854775,42.81839021747929,711.0,539055.7692307692,1833.4145408163265,2.431920717850068,18.175188973088076,44.81199434641291,78.32457522952832,103.66462987496149,118.90162999945176,126.91791492761168,130.43530394731727,131.2688362060375,39.066413331488434,29.66096814316677,53.95598200671342,85.32999679037715,109.67925463358355,124.42903473252976,132.14841918276883,135.44491919611903,136.09279926481483,2.072028932050289,38.99064518841396,23.440041317849495,30.052173914807547,33.85955208445221,35.82154951793266,36.67406533154691,36.81097068717842,36.495994577681685,35.912987244807134,1520.2704122087887,549.4355369824915,903.1331570058392,1146.469267359732,1283.1834098657016,1344.9870679425712,1355.047562932309,1331.957620214171,1289.7426528456797,5.0,True
182,641329.69,10.136999999999997,641329.69,0.024389895312658925,2.0,11.0,0.0,11.0,0.03125,0.07142857142857142,0.14285714285714285,0.21428571428571427,0.2857142857142857,0.35714285714285715,0.42857142857142855,0.5,0.5714285714285714,0.6428571428571429,0.7142857142857143,0.4647704321725439,13.53610442629193,887.2194765108502,1257.790509388201,758.8305826086612,769.6660165012179,1363.877707256383,727.3649430146932,849.5348161123337,16.666666666666668,0.0,0.0,0.0,0.0,0.0,9.0,0.0,0.0,0.0,0.0,0.0,10.25,7.782769436216263,1.0836645431537937,1.382486698608246,0.035143121669041356,1.382486698608246,0.035143121669041356,0.14193955829188667,0.5199317608003478,0.14610274156366468,1.3422788685139448,0.1461027415636647,0.5199317608003478,0.14193955829188665,-57.98527737021153,-41.313486651883885,128.05600033773493,137.73764631250043,-27.82518576446213,-7.960548653056778,20.579465770842283,30.162039802648756,85.56817289616224,264.75500306946026,87.2462771041152,121.11611846690596,778.0,0.009485027235698265,50.0,72.69285714285715,116.97346938775505,154.26153846153846,0.6153846153846154,0.0,0.0,11.0,0.0,25.0,0.0,2.0,0.0,778.0,3.0,50.0,214.03098740936687,2010.5434226570005,3.0496267678126716,-12.457362637362639,23.87041137338658,-0.15519085380296155,-3523.988425747602,0.8982291432198483,1.7222692611845913,2.0,50.0,0.0,0.02245973668923559,-0.000580931293686904,16.819453827485283,0.04411699727784535,201.30825142511353,2005.4,4933305.307692307,40525.012091836725,1.6915305154719296,42.98792780288208,82.07341830487289,118.84188124068076,144.91398629424384,159.79069231909014,166.9170999993502,169.30974654557534,168.9401363676853,207.01295164565286,207.3985915128824,191.9986125439292,180.1227862116568,179.81519489039292,183.12421713141165,185.41171243730616,185.72815841300772,184.40130853873146,2.1958382479767686,207.00604066925354,202.89458796316293,173.5725243998808,135.3544435023326,106.45863464173159,89.45062072550579,80.72288917488811,76.34892633272798,73.91260322072498,42851.50087356065,41166.21382474166,30127.421226547212,18320.82537582615,11333.440889781694,8001.413548178284,6516.184836741268,5829.158552160325,5463.072914864323,7.0,False
183,5544.5,1.3025,5544.5,0.03982550275047344,2.0,11.0,0.0,7.5,0.03571428571428571,0.07142857142857142,0.14285714285714285,0.21428571428571427,0.2857142857142857,0.35714285714285715,0.42857142857142855,0.5,0.5714285714285714,0.6428571428571429,0.7142857142857143,0.4647704321725439,0.16917840501719025,10.417532889379764,12.004409042377656,8.178756031817073,14.385330853417925,2.117105701056552,1.7086193398412506,0.0035613517125238987,16.666666666666668,0.0,0.0,0.0,0.0,0.0,9.0,0.0,0.0,0.0,0.0,0.0,7.375,1.5008201311098963,1.002023142118715,0.5995444135529399,0.8000715011831937,0.5995444135529399,0.8000715011831938,1.0731376718921302,0.37544069507899663,0.4260375823410658,0.6167828876732719,0.4260375823410657,0.37544069507899663,1.0731376718921304,-4.1299130986803,-120.77352425392516,186.95506585889464,104.44698956132213,4.598609948733731,-15.488410199587044,-59.35588173264368,94.24558806090873,152.15569048707448,-117.1578460026993,213.62753104355966,13.507203413654018,54.0,0.028566479451772386,50.0,9.571428571428571,12.969387755102046,12.884615384615385,0.5769230769230769,0.0,0.0,7.0,0.0,16.666666666666668,0.0,0.0,0.0,54.0,3.0,28.571428571428566,19.900646077092933,172.84748666582686,1.761383268262329,-0.8197802197802202,18.935825034429108,-0.36531899697199444,-655.1030017326082,0.8902092716157834,2.029849759301034,2.0,50.0,0.0,0.36523518009533434,-0.0031187185537221726,15.595273256509046,0.0667260219611131,17.447735365592724,167.5,42650.0,304.4234693877551,0.03257878630806218,2.615905273777132,8.900183493833257,15.435995694351506,19.946076928698623,22.51088005568933,23.780290154657667,24.271253930754323,24.309907886766247,20.315278085473473,23.577127651873596,21.510114210799774,21.913686942058103,23.549667432249464,24.872165185560316,25.578311557949707,25.79023769740645,25.67547937960843,2.179245245671986,20.315251962818518,23.431559655971846,19.58243465807427,15.554411345933012,12.519618657290962,10.577564943604331,9.420606260524595,8.720240427738624,8.261877505121804,412.7094623128017,549.0379879113675,383.4717471377483,241.93971231848963,156.74085132398795,111.88488013616731,88.7478223158352,76.04259311756711,68.25861990963769,7.0,False
184,1924134.737777778,24.977666666666668,1924134.7377777777,0.014349230696978955,2.0,11.0,9.0,129.0,0.009316770186335406,0.07142857142857142,0.14285714285714285,0.21428571428571427,0.2857142857142857,0.35714285714285715,0.42857142857142855,0.5,0.5714285714285714,0.6428571428571429,0.7142857142857143,1.0000000000000004,46.04926839931902,1725.4148320242234,1300.5123962798427,551.051923683566,917.1370335702162,548.8711128203338,1448.3189964729347,908.6672262825099,8.333333333333334,0.0,0.0,0.0,0.0,0.0,1.0,0.0,0.0,0.0,0.0,0.0,71.375,7.771159992417141,1.2038979281552407,1.6514360743824068,0.5882077432069097,1.6514360743824068,0.5882077432069097,0.549221553766065,0.1004902218856957,0.1993960593770711,0.25942712776893195,0.19939605937707108,0.1004902218856957,0.5492215537660649,-53.937179373016804,-7.145860982584529,109.72756533825199,77.44610851645825,-34.24647180532202,-6.571860753768769,-6.680849197380267,63.34051592600915,98.78112949825703,73.51017789109157,129.69697386654764,164.69649346183598,1315.0,0.007423018501385914,50.0,180.0904761904762,183.70272108843542,274.42564102564097,-2.2307692307692264,83.16666666666667,39.16666666666667,68.66666666666666,32.66666666666667,16.666666666666668,0.0,4.0,0.0,1315.0,5.0,42.857142857142854,370.7265778920572,3567.625315835616,3.030098474070126,-32.376996336996356,21.83245770570339,-0.42785878917855147,-8683.948467514105,0.909900337290883,1.6428396614478529,1.0,50.0,0.0,0.219824216654062,-0.0016290217513525397,18.006858535084284,0.06005642199006822,324.0457003896874,3567.533333333333,14801036.444444446,105005.61594104306,28.12512879376291,104.8860820763178,178.43515838276835,268.5908171797863,336.38867592385253,376.38568077496495,396.5212713686365,404.34275856935307,404.88436770221904,297.23301950971864,344.5492349903521,364.37877684015075,375.9561284008803,400.061664512629,421.3294933403259,433.55282921776086,437.7725645541596,436.4503730810705,2.17110814553645,295.89938326599986,328.19671710594054,317.69920878787343,263.0626986269126,216.54559363518055,189.34719767132003,175.3252322825357,167.78483801837297,162.9649562113888,87556.44501719906,107713.08511911677,100932.7872644408,69201.98340887384,46891.99412281275,35852.36126598194,30738.9370749251,28151.75186885165,26557.576952979864,2.0,False
185,520870.25,15.655,520870.25,0.06349795846470402,2.0,11.0,0.0,103.0,0.0045045045045045045,0.07142857142857142,0.14285714285714285,0.21428571428571427,0.2857142857142857,0.35714285714285715,0.42857142857142855,0.5,0.5714285714285714,0.6428571428571429,0.7142857142857143,0.7090260576130032,10.126245251512525,799.7127933922046,805.7457659590827,171.91808200160676,680.6435372902204,846.8267561830279,471.1234128614459,119.21036813421424,8.333333333333334,0.0,0.0,0.0,0.0,0.0,6.0,0.0,0.0,0.0,0.0,0.0,100.875,-0.2651196495593431,0.3115182971010745,0.8716415845236575,0.4293603695882416,0.8716415845236576,0.4293603695882416,0.10828872051172558,1.0248178129087977,0.1100265974604665,0.2752458739226543,0.11002659746046646,1.0248178129087977,0.10828872051172551,-44.93784909951762,-18.757401265813115,114.4053287327692,72.67184457039292,60.5077549758273,-43.799450765964316,21.26268987869035,91.6731984235368,125.19084282433734,-2.858098184782303,-23.29675967231802,50.7253026138506,426.0,0.0641971640195119,50.0,113.89285714285714,123.90306122448979,152.46153846153845,-4.461538461538462,48.5,48.5,91.0,0.0,16.666666666666668,0.0,1.0,0.0,426.0,4.0,35.71428571428571,192.88602296989498,1984.118951079982,1.2086049890613895,-0.9395604395604428,19.68951666350997,-0.642330426945148,-5911.915618014661,0.8647581110107052,1.6319898603120646,1.0,50.0,0.0,0.3520120844227333,-0.002731105715909157,18.002504042441497,0.08695794098358156,155.67091876448725,1982.0,4006694.2307692305,24233.43494897959,9.545647327321493,22.924954784880395,80.35394746215266,164.79896949243712,229.68317220628066,269.1761084023825,290.4708301144447,300.4015408721547,303.5216765718159,148.9085328767518,168.7758656271124,203.05923446033336,239.91540153161438,273.63221588530155,296.74478295303004,309.3033028418888,314.26327154446534,314.35496709856534,2.1427689630048476,148.60226034824996,167.21166007875254,186.48403638613746,174.35796381670252,148.7287126803708,124.90672069664512,106.27901957360439,92.30556908153207,81.81465144198869,22082.63178060906,27959.739266292287,34776.29582686624,30400.699546306543,22120.22997556029,15601.688875189715,11295.230001526585,8520.31808346549,6693.637190574102,7.0,False
186,47058.55746125447,5.563125541125542,47058.55746125447,0.08424830857210097,2.0,11.0,2.0,87.33333333333333,0.009124087591240877,0.07142857142857142,0.14285714285714285,0.21428571428571427,0.2857142857142857,0.35714285714285715,0.42857142857142855,0.5,0.5714285714285714,0.6428571428571429,0.7142857142857143,1.0000000000000004,1.191472372279281,12.319829838470891,84.07485329172815,24.661799320187527,9.596525478203496,6.731463614039124,28.031361723527034,15.07356465753593,16.666666666666668,0.0,0.0,0.0,0.0,0.0,0.0,0.0,0.0,0.0,1.0,0.0,65.725,-1.2463299124834382,0.14766832073552494,0.7938745359298546,0.823735959971483,0.7938745359298546,0.8237359599714829,0.3178303606134287,0.16467767730482352,0.1389231518616137,0.9671999730196921,0.13892315186161378,0.16467767730482352,0.3178303606134286,-33.39488149534586,-15.377331782459503,40.7636204165325,8.886620076773479,-91.75122886089432,-1.6544926131311497,42.51795414724673,206.48356028105806,165.36581268539078,-98.0774056631537,81.2697788768826,127.49351133261364,109.0,0.051853762822499413,50.0,45.64375386518243,31.25803957946815,36.107226107226104,4.046153846153846,39.31818181818181,27.96818181818181,27.0,-4.0,8.333333333333334,1.0,5.0,0.0,108.0,4.0,28.57142857142857,57.976939665238866,469.8531580520572,0.4008186501576668,3.073814756671898,14.304607537088676,-1.704298259251545,-2445.993551450728,0.6785172897346026,2.5834637235351012,1.0,50.0,0.0,0.9329694032602287,-0.005500487552354392,17.021821753788696,0.43228664309444975,35.748751950821884,469.3939393939394,361988.9035481113,1277.9732660413915,6.577643560559146,14.413885235658844,31.342315399125464,57.815142866363786,78.85749138049175,91.85608909106354,98.91145340233012,102.20546269259526,103.22871972775508,41.046286976184895,44.21622139472044,36.33096705186374,62.03284801924307,82.70615946962207,95.27232895040774,102.02764709199754,105.11966810998914,105.99702683335309,2.107669371159539,40.51582752112513,41.800886914516425,18.373851864683985,22.48295996350242,24.936015467396278,25.28389923507252,25.02329228874308,24.580236356609454,24.066597617427455,1641.5322797215606,1747.3141468401902,337.5984323453511,505.4834887204528,621.8048673902264,639.2755605293008,626.1651569678688,604.1880193467853,579.2011208791648,0.0,True
187,52862.27777777778,3.1191666666666666,52862.27777777778,0.0939030299909303,2.0,11.0,0.0,30.0,0.015,0.07142857142857142,0.14285714285714285,0.21428571428571427,0.2857142857142857,0.35714285714285715,0.42857142857142855,0.5,0.5714285714285714,0.6428571428571429,0.7142857142857143,0.4272490700243733,0.6993746500359411,42.27037121790314,62.299320024769216,114.29579081430829,36.271849968732866,72.63714919385242,83.74472153916427,14.949523675185983,25.0,0.0,0.0,0.0,0.0,0.0,9.0,0.0,0.0,0.0,0.0,0.0,26.666666666666668,2.986634376359736,0.05943545040830596,0.8538440625225703,0.25021505858771437,0.8538440625225703,0.2502150585877144,1.1659173651148196,0.6172179460143506,0.9102856766823413,0.027283508775672,0.9102856766823414,0.6172179460143506,1.1659173651148196,-49.539426729335176,-42.522572906976805,7.716192061362194,3.183108707001752,-42.93367022974796,-22.558692404299453,174.49336768359598,115.27713827026048,117.48454163872752,199.2852111901783,64.13822671818095,30.930819870831666,188.5,0.04305064902951395,50.0,27.76190476190476,37.27891156462585,40.80769230769231,7.1923076923076925,0.0,0.0,0.0,0.0,25.0,0.0,0.0,0.0,188.5,1.0,42.85714285714286,61.44816501838753,537.5947349446499,2.097043553599595,4.96923076923077,22.84645034793809,-0.36448866353952136,-1252.8760302018252,0.8450932354636543,1.6774420566971524,1.0,50.0,0.0,0.13616616572676335,-0.0011075398210604079,17.742143500126033,0.1605766946174183,54.81928153595151,530.5,406632.905982906,3005.153628117914,2.724912310782298,5.280788329377005,17.760664375687885,34.371808706450615,46.72432769406378,54.098996365601074,57.98715118143253,59.72263686978761,60.179174887808905,57.811586443801254,41.463607213079385,40.34257429083605,51.466608583350755,59.58417780511974,64.33906590176207,66.66771910017052,67.4258281844122,67.22239051203118,2.177203819617444,57.74733223316599,41.125952849032494,36.222673856933824,38.3065342378947,36.97447019566158,34.82547908279173,32.89490945238985,31.29614915086775,29.95524488256657,3334.754380047652,1691.343997740844,1312.0821013457971,1467.390565318999,1367.1114462498665,1212.8139933459645,1082.075067880927,979.44895167336,897.3166959745307,4.0,True
188,9032.111111111113,0.8233333333333335,9032.111111111113,0.0016839916839916837,2.0,11.0,0.0,0.0,inf,0.07142857142857142,0.14285714285714285,0.21428571428571427,0.2857142857142857,0.35714285714285715,0.42857142857142855,0.5,0.5714285714285714,0.6428571428571429,0.7142857142857143,0.19292394233698318,6.2772744984596756,2.480534509174484,1.9444639490474316,1.346483270155532,0.9272849704189924,0.7698964142303936,0.7832352446729399,0.40610496910829164,8.333333333333334,0.0,0.0,0.0,0.0,0.0,12.0,0.0,0.0,0.0,0.0,0.0,0.0,5.3633773675688055,0.2465643815810608,0.28541436516641877,0.5566188761434636,0.28541436516641877,0.5566188761434636,0.17187844398753738,0.17760552935110785,0.10587631885904253,0.11751853803295989,0.1058763188590425,0.17760552935110785,0.17187844398753738,-24.4328115795412,-69.88891054513088,111.33366952613824,113.01981579886555,-18.217086242809273,-11.038487961445352,20.297447141251194,38.17937143784588,59.885944072259385,78.57087620178034,94.59721361582804,104.61344292109158,86.66666666666667,0.012513605760373428,50.0,8.976190476190476,15.387755102040822,6.666666666666667,-6.666666666666667,0.0,0.0,0.0,0.0,16.666666666666668,0.0,0.0,0.0,86.66666666666667,0.0,7.142857142857142,25.399818772006896,97.68997342951336,2.5947225339796915,-3.4190476190476207,20.693415060130505,-0.08806456314711875,-688.1526173868112,0.9300587555863421,1.972838541719491,0.0,50.0,0.0,0.31755129614537037,-0.0022148151119328816,15.724566194746952,0.0026958529774839812,23.760866949375842,86.66666666666667,69477.7777777778,564.5787981859413,4.172421374866802,5.642825824143508,7.277338865270573,10.66143973848762,13.532515872172118,15.32808806069806,16.286128143145486,16.704730726642108,16.79610815618731,23.340488251340112,28.775006602102376,28.25305243797874,26.170160255531385,24.58992398799362,23.798914463833288,23.347887593457944,22.960965462396715,22.548253105847653,2.188793741080936,22.964522457074963,28.216298865538946,27.299730971260487,23.900020721806737,20.53132669616636,18.205440012818666,16.729790350802126,15.753028480763744,15.043751823631847,527.3692916815004,796.1595216694144,745.275311103199,571.2109905027913,421.53537590471353,331.4380460603389,279.88588518179193,248.15790631575368,226.3144689310265,1.0,False
189,15486.25,1.8850000000000002,15486.25,0.06111001695052062,0.0,0.0,0.0,0.0,inf,0.07142857142857142,0.14285714285714285,0.21428571428571427,0.2857142857142857,0.35714285714285715,0.42857142857142855,0.5,0.5714285714285714,0.6428571428571429,0.7142857142857143,0.4647704321725439,0.4875715472202963,28.83121850086509,26.956042274441625,32.196857773385354,20.836043278551898,11.24564503626831,15.909307034647476,12.98282222165281,8.333333333333334,0.0,0.0,0.0,0.0,0.0,9.0,0.0,0.0,0.0,0.0,0.0,10.25,6.632741753964384,0.38970932534048064,0.45872080239710333,0.3911611924826991,0.45872080239710333,0.3911611924826991,0.6280222580386464,0.28765924922449804,0.4897787692563227,0.01245904844960466,0.4897787692563227,0.28765924922449804,0.6280222580386464,-39.32611165387199,-36.87393896871651,100.99729146988638,108.02579256756533,-43.58648208667947,76.92916896718077,9.119558953437135,23.751707480430376,59.17838089168179,58.77028068111195,87.05475254228847,101.89513768587659,117.0,0.058716766819613006,50.0,13.464285714285714,19.015306122448983,23.46153846153846,0.0,0.0,0.0,11.0,0.0,16.666666666666668,0.0,2.0,0.0,117.0,3.0,42.85714285714286,33.25899448699125,311.15041624902796,2.7784762205877023,-0.001098901098901338,21.04931211319459,-0.21248388867689635,-857.8110452889551,0.8784546282175472,1.8625684979792365,1.0,50.0,0.0,0.302388861890359,-0.002031782341785637,16.71338683792302,0.020917231202149722,30.411736624037047,305.0,119125.0,924.8737244897962,0.03870193664952553,1.453033046611386,8.142415218176726,19.033382113182622,27.83781491889953,33.38508888496286,36.4935394788059,38.0434122087824,38.642670933402655,31.812964688115994,34.50122500510557,37.461911078731994,37.93940641404528,38.54717346981759,39.52391103362648,40.225860263605504,40.466601287709025,40.31376879884579,2.1844584047812674,31.81294114676313,34.470613888040596,36.56632133651985,32.819642356120816,26.66347019900643,21.15597748952173,16.921625520497482,13.792918737202772,11.486685244209905,1012.0632244074146,1188.2232218183774,1337.0958560856266,1077.1289243836798,710.9406430533039,447.5753835371503,286.34141025595164,190.2446072910793,131.94393789954958,4.0,True
190,1024946.1377777777,15.707333333333338,1024946.1377777779,0.0580451124930875,2.0,11.0,0.0,54.4,inf,0.07142857142857142,0.14285714285714285,0.21428571428571427,0.2857142857142857,0.35714285714285715,0.42857142857142855,0.5,0.5714285714285714,0.6428571428571429,0.7142857142857143,0.37678366460774576,9.883819732442936,2036.2250255554227,3129.413672273907,1701.8430197830692,1364.8393623439035,455.1985319233847,224.4574253474378,5.766649678938108,16.666666666666668,0.0,0.0,0.0,0.0,0.0,10.0,0.0,0.0,0.0,0.0,0.0,40.8,1.057521331298437,0.3560110756924893,0.174641281261437,0.5308349051202725,0.17464128126143708,0.5308349051202725,0.48141533002198134,0.10528619008595992,0.10545724385233893,0.8096549628179617,0.10545724385233896,0.10528619008595992,0.4814153300219813,-14.129061504257146,-84.83894793937525,117.35299702249749,85.88265875722435,-50.85817149478363,31.99728187701574,-76.90258996643428,176.92468368909485,150.00632558959165,-61.939391707591234,177.18188282391796,1.9693658238962313,676.3333333333334,0.09200219106504193,50.0,123.9095238095238,186.94353741496596,137.65128205128207,-25.23076923076923,0.0,0.0,0.0,0.0,16.666666666666668,0.0,1.0,0.0,676.3333333333334,2.0,28.571428571428566,270.5742752234558,1797.2088099983239,1.6732576400971666,-10.448205128205139,19.169076406046567,-0.32775040098781644,-8594.496991361842,0.7966791357410618,2.0862178128871465,2.0,50.0,0.0,0.40102890609673675,-0.002998760705461763,15.692270322727538,0.09567330048655165,240.5345470446927,1789.4666666666667,7884201.059829059,57856.868321995484,13.536404327504913,18.713043025523508,73.58593827945481,167.67224189749064,243.38612013471788,290.7730563537855,317.1255259463118,330.10812163044193,334.97022413408473,274.86148407557334,332.7323092670372,296.6641301712301,293.5726330657921,310.64842317078046,328.88126108852475,340.7476153443769,346.10008914809873,346.66091829251104,2.1823015227069895,274.52796066358883,332.20567672889064,287.3929641062648,240.97906585894887,193.04310229651037,153.66819317561016,124.66089264943754,103.98990211526942,89.26780615075104,75365.60118610898,110360.61165090019,82594.7158177848,58070.91018225162,37265.63934426096,23613.913593856636,15540.338156154592,10813.899741943314,7968.741214968067,5.0,True
191,246628.08333333334,12.072500000000002,246628.08333333334,0.08260378791232097,2.0,11.0,0.0,103.66666666666667,0.011904761904761904,0.07142857142857142,0.14285714285714285,0.21428571428571427,0.2857142857142857,0.35714285714285715,0.42857142857142855,0.5,0.5714285714285714,0.6428571428571429,0.7142857142857143,0.9624786378518297,0.5967277965181657,144.0197876581734,71.55723036578438,357.5252521024647,497.28516121520914,171.93895883658283,292.110326516799,11.91041105704882,8.333333333333334,0.0,0.0,0.0,0.0,0.0,2.0,0.0,0.0,0.0,0.0,0.0,70.125,4.820510955932602,0.23039036530930557,0.6793419580787831,0.7796270910478832,0.6793419580787831,0.7796270910478832,0.12601388643140346,0.13284046630567636,0.2705546048030144,0.9885672567295828,0.2705546048030144,0.13284046630567636,0.12601388643140346,-50.07919127423759,-59.873527122967005,30.438713633939543,-20.25859720071416,51.66456744862752,55.32606060613058,45.83062850677089,33.58652166326723,103.80843808989492,-53.57732945244343,261.4294919141692,111.4032884512819,405.0,0.04360179567096011,50.0,89.46428571428571,61.95408163265306,101.01282051282053,-5.346153846153846,76.25,41.0,47.999999999999986,10.5,16.666666666666668,0.0,4.0,0.0,405.0,4.0,35.71428571428571,132.72637894053565,1313.351416010474,2.228735045902159,0.7827838827838812,19.91282363585412,-0.9754321125893163,-3926.573823915483,0.9240467591124175,1.6276714370057956,1.0,50.0,0.0,0.2729468351801941,-0.0026162621301321636,18.276125204500804,0.24941334342982258,98.04301733575583,1313.1666666666667,1897139.1025641025,9612.43324829932,7.091472522026839,36.72615147519082,81.43022569320495,135.96358955162881,176.65185966693412,200.81646905688712,213.29274802809573,218.53446995926564,219.48683565801545,111.0269252521558,82.33647680863183,106.59701463045927,150.458904134418,186.661765610313,208.97185838751832,220.58067558615718,225.34063148555552,225.9738056365314,2.1049150398485317,110.80022178866399,73.69182594480685,68.7898384333039,64.43433983184896,60.30534982050303,57.80988975475827,56.23200228223055,54.96440337101608,53.75583509432439,12276.68914841713,5430.485211079707,4732.041871680055,4151.784149566197,3636.735216973245,3341.983353457305,3162.038080668782,3021.0856379317643,2889.6898066881977,4.0,True
192,26328.38256198347,3.8982727272727273,26328.38256198347,0.08732407033230635,2.0,11.0,0.0,56.0,0.004901960784313725,0.07142857142857142,0.14285714285714285,0.21428571428571427,0.2857142857142857,0.35714285714285715,0.42857142857142855,0.5,0.5714285714285714,0.6428571428571429,0.7142857142857143,0.6313247675185967,1.4978776210763085,105.98749450869936,14.610201135760883,7.2752221114837825,11.258762951542286,3.036499921575023,11.721089499516724,5.050809332347591,8.333333333333334,0.0,0.0,0.0,0.0,0.0,7.0,0.0,0.0,0.0,0.0,0.0,54.75,-0.9079945190763881,0.8897615822755904,1.5573048977608863,1.0603621033289805,1.5573048977608863,1.0603621033289805,0.2513262591543467,0.07730570372573793,0.5447397298512071,0.6539773746977444,0.5447397298512071,0.07730570372573793,0.25132625915434675,-18.44993526454323,24.05440033473833,35.23922185528403,31.788595532723335,-20.261954983415638,45.16783764884682,-32.055437302111336,-84.33874232969896,24.806474914571364,40.96194284609646,40.82418288085802,55.705671531609994,98.0,0.08374852417719729,50.0,28.673376623376623,29.455287569573283,15.173426573426578,1.7846153846153845,11.6,11.6,5.0,0.0,8.333333333333334,0.0,2.0,0.0,98.0,3.0,35.71428571428571,43.36587084825336,203.5296471524305,0.6416281268403987,4.9400799200799215,13.282619726647102,-0.9844024850201119,-1943.7590633781933,0.5262255510831654,2.928039148520485,1.0,50.0,0.0,1.0886080573246126,-0.00602608128343863,15.788653654529242,0.08340785047426713,32.53361688225565,197.2545454545455,202526.01970756517,1058.4362274413897,2.653357425499819,9.59224132062503,24.280045464035947,42.385632658842624,55.67562136832403,63.50026447827713,67.524382582229,69.21567259587724,69.53042431203602,21.86572691461844,41.89796765803959,60.60095652820445,69.99225980152718,75.63311275396373,78.7713186547761,79.97349186522099,79.86956258027824,78.96592918527575,2.1266292953123656,21.70414033951159,40.785151713840975,55.52436694279074,55.6989638703821,51.191727164697326,46.61155493867518,42.85110451324841,39.85395455742519,37.43177883940616,471.0697078772143,1663.4286003210252,3082.9553243976734,3102.374576234131,2620.59293010481,2172.6370538011342,1836.2171580053382,1588.337693865312,1401.1380670822145,1.0,True
193,531397.25,15.460000000000003,531397.25,0.07989822115187839,2.0,11.0,0.0,226.0,0.0022935779816513763,0.07142857142857142,0.14285714285714285,0.21428571428571427,0.2857142857142857,0.35714285714285715,0.42857142857142855,0.5,0.5714285714285714,0.6428571428571429,0.7142857142857143,0.6313247675185967,32.484820186328896,1114.5144829242838,26.838457335006872,440.9562003049352,565.5328297789024,978.1411585268618,745.0138433746479,68.62033202606844,8.333333333333334,0.0,0.0,0.0,0.0,0.0,7.0,0.0,0.0,0.0,1.0,0.0,196.75,0.16118463948714767,0.2537967901134478,0.3537912485683612,0.7614671415841331,0.3537912485683612,0.7614671415841331,0.9258037737437911,0.2084601344957942,0.250555213258884,0.29988165280178036,0.2505552132588841,0.2084601344957942,0.9258037737437911,-59.74450270689075,10.88142376986842,132.25926821588587,65.78216750737293,144.76172138307422,10.317900260444802,77.47355552685445,-80.13633527968733,-102.28880298542363,-75.9564139050894,86.01490837020899,126.16750944366476,471.0,0.0611379726059365,50.0,110.46428571428571,131.23469387755102,162.30769230769232,-0.07692307692307693,0.5,0.5,117.0,0.0,8.333333333333334,0.0,2.0,0.0,471.0,3.0,50.0,194.82542551877418,2114.434519026428,1.2622006558721885,7.348351648351647,20.52388928199032,-0.6385905525841413,-5199.035777011262,0.7512560389360143,1.4631753355320134,1.0,50.0,0.0,0.2870934188029959,-0.002301999797833548,18.971153784052394,0.15308714801632473,160.4823604331768,2110.0,4087671.1538461535,25754.588010204076,0.7350830605043248,27.978614419456942,93.52395684434607,173.97297857396964,232.8745338258296,267.621523578025,285.64503526038897,293.41749056575327,295.13795196278033,130.50463894586554,142.68781260832696,213.7229320574842,257.37996108323586,287.5145242851471,305.860837904071,314.5898854815967,316.77631722299384,314.90706154837835,2.1438268948569967,130.5025687076116,139.91786519996788,192.17377860526372,189.6782725915361,168.62399939011343,148.08636764117423,131.80936946368888,119.38765172101728,109.81824404100483,17030.920439284884,19577.009002116385,36930.76118342491,35977.84709330908,28434.053170316976,21929.572281157016,17373.70987841524,14253.411383458919,12060.046724249692,5.0,True
194,59262.356666666674,6.597666666666667,59262.35666666667,0.09879072345737328,2.0,11.0,0.0,98.0,0.012376237623762375,0.07142857142857142,0.14285714285714285,0.21428571428571427,0.2857142857142857,0.35714285714285715,0.42857142857142855,0.5,0.5714285714285714,0.6428571428571429,0.7142857142857143,0.9624786378518297,1.3377052491378094,142.15383495431468,38.810188378438845,2.2735670554161724,42.98424063594325,24.289885799737025,11.25264503411009,2.2428795055470903,8.333333333333334,0.0,0.0,0.0,0.0,0.0,2.0,0.0,0.0,0.0,0.0,0.0,60.96666666666667,-0.5138082981224601,0.0,0.0,0.0,0.0,0.0,0.0,0.0,0.0,0.0,0.0,0.0,0.0,-24.344371071056056,-41.21827242546442,74.5674436510506,104.83448197497252,89.81803167599298,-45.70409880021371,-15.115677268296482,13.662693294099082,127.04348202367062,104.16497954581119,-159.4157427947587,33.40942322153844,142.0,0.0320161936557815,41.66666666666667,50.00238095238095,34.45544217687075,36.6,1.6820512820512827,31.5,18.933333333333334,34.166666666666664,7.0,8.333333333333334,0.0,2.0,0.0,142.0,3.0,35.71428571428571,65.06170514358256,477.03803914056584,0.7901826290699558,7.295457875457877,13.10098606362898,-1.3836732156735407,-3062.138117203121,0.6851327340150012,2.6705363616745776,1.0,41.66666666666667,0.0,1.0063366414733077,-0.006119492881562237,15.888147598266496,0.056385183487456136,41.62676272884365,475.8,455864.2820512821,1732.787375283447,7.753843264969455,20.18483964564212,41.994946277812495,70.30664406006282,91.59619460408898,104.2771454775428,110.84647939516769,113.62770134741952,114.1605991856403,34.49571292063468,53.91985207951631,74.42413806874994,93.89346374344126,109.17572428156707,118.55052138370647,123.20543354402224,124.76354674299012,124.43952148906916,2.1022606638901324,33.61297553810329,49.99922696159045,61.444095032801954,62.23309677938705,59.409392409404546,56.395948891777856,53.783239586948895,51.52366526550606,49.52324809626376,1129.8321245251302,2499.9226967566333,3775.3768143999973,3872.9583347525545,3529.4759064546147,3180.50305140402,2892.6368604671466,2654.6880823919155,2452.552102004092,2.0,False
195,630278.5551247165,14.716523809523807,630278.5551247166,0.09675757490231515,2.0,11.0,0.0,146.0,0.007163323782234956,0.07142857142857142,0.14285714285714285,0.21428571428571427,0.2857142857142857,0.35714285714285715,0.42857142857142855,0.5,0.5714285714285714,0.6428571428571429,0.7142857142857143,0.7821952376742991,1.036349958421926,661.962955580468,190.58724524574262,713.4615831915357,1598.770633701924,1332.8574199694865,492.444353303305,388.0237004413237,8.333333333333334,0.0,0.0,0.0,0.0,0.0,5.0,0.0,0.0,0.0,0.0,0.0,127.1,5.373228852771703,0.7076721968920887,0.4481982495376057,0.19648566373266613,0.4481982495376057,0.19648566373266613,0.2824972051638629,0.55582460093413,0.20261711596472234,0.2683774640036276,0.20261711596472237,0.55582460093413,0.2824972051638629,-58.626195437980556,-63.176631069632194,124.05144154787429,92.24099067453167,52.237210695518364,-17.554084626201924,42.82871613580048,95.99282000643444,19.480008378213384,12.696314136208434,59.25321878813559,334.5958342924042,708.0,0.030967096209927054,50.0,107.63231292517007,123.39378036929055,188.24395604395602,-5.415384615384616,38.08333333333333,38.08333333333333,146.0,-14.0,25.0,0.0,1.0,0.0,708.0,4.0,35.71428571428571,212.1789263678714,2449.2705986922483,2.4692523144076057,7.794484563055993,22.412572771454645,-0.5437574605155628,-4489.151353609567,0.8188869878891762,1.5699818820671998,1.0,50.0,0.0,-0.006563587249056326,-0.0013306768603947514,17.63332779114035,0.13778886189282524,182.85289718514412,2447.1714285714284,4848296.577882434,33435.182009000884,19.318589967776575,58.93729328419909,98.97928812074547,155.16692086467611,198.61620046371812,224.70779136403493,238.20511863592006,243.83197120541308,244.77159708484692,199.24092862504693,149.5410165777263,166.24798727257846,193.21414515267168,220.21842058591992,239.64626782457097,250.59833931826333,255.23888101713268,255.76875514421764,2.1640452471914777,198.30214250236423,137.43693498995134,133.57205469443775,115.13006799465123,95.11970184306332,83.28710694065033,77.83218566068074,75.45101855482548,74.19246166933755,39323.739721027974,18888.911099432113,17841.49379529387,13254.932556453015,9047.757678713266,6936.742182543325,6057.849124718677,5692.8562009606185,5504.521368556122,5.0,True
196,1053820.4053302153,20.11879761904762,1053820.4053302153,0.07435336643596571,2.0,11.0,0.0,160.66666666666666,0.0037593984962406013,0.07142857142857142,0.14285714285714285,0.21428571428571427,0.2857142857142857,0.35714285714285715,0.42857142857142855,0.5,0.5714285714285714,0.6428571428571429,0.7142857142857143,0.9107950720287574,30.481481527241073,380.07763406387323,3126.4336363623634,592.8605423346296,1298.9985980928986,1776.4661571870356,260.16386296417744,1190.4783468959188,16.666666666666668,0.0,0.0,0.0,0.0,0.0,3.0,0.0,0.0,0.0,0.0,0.0,127.34375,2.522318784811759,0.04916064665263479,0.5946508861767398,0.6279742179315393,0.5946508861767399,0.6279742179315393,0.34763048093572096,0.7609522285480989,0.4688713573945676,0.40954824175675564,0.46887135739456764,0.7609522285480989,0.3476304809357208,-46.16847134786754,-40.63786914921573,44.59433173281352,124.95139212829754,-31.040037694331126,-51.648584823475325,-7.833748591842462,9.46912792271137,168.03870868012456,489.65910743236225,-109.36559104055034,101.72766625446518,809.0,0.03361340406010142,50.0,146.4378401360544,163.35524781341107,212.20329670329667,-1.9230769230769231,38.625,38.625,66.975,14.666666666666666,16.666666666666668,0.0,2.0,0.0,809.0,2.0,42.85714285714286,274.35904595076755,2759.777112876463,1.9598428191536856,1.8821219256933535,19.61388766631156,-0.6620906869455021,-7814.755226503539,0.7426519716452096,1.7227459385293766,2.0,50.0,0.0,0.2563190936578101,-0.0027700006287540544,16.720879926958524,0.32246041358073274,232.01044172903673,2758.642857142857,8106310.810232425,53828.84507130274,4.6673991889188295,72.24655944207682,154.66014907095536,236.81777194416347,294.97266760138933,328.29532022513223,344.5748637800026,350.47543572233116,350.31461793721445,243.8979902353691,295.19480688214236,258.20295068749476,269.2293179344759,307.6917677950191,337.1046156999187,353.4108054526654,360.1506441126129,360.82582833520166,2.1771226851116903,243.8533268701977,286.2174150169199,206.75831792960287,128.06938949985388,87.55198077110686,76.56177012365771,78.53254523886496,82.91836593886853,86.45777497303429,59464.44502566348,81920.40865896779,42749.00203307874,16401.768526865282,7665.349336944264,5861.704644467806,6167.36066169437,6875.455409972114,7474.946853287835,4.0,False
